timestamp,OHLC_bfly,OHLC_bfnx,OHLC_bnus,OHLC_btrx,OHLC_cbse,OHLC_gmni,OHLC_itbi,OHLC_krkn,OHLC_lmax,OHLC_okcn,OHLC_stmp
2021-02-24 00:00:00,"{'Open': 48929.54, 'High': 48929.54, 'Low': 48929.54, 'Close': 48929.54}","{'Open': 48871.67, 'High': 49086.5, 'Low': 48539.0, 'Close': 48610.11}","{'Open': 48875.0, 'High': 49096.01, 'Low': 48558.4, 'Close': 48636.52}","{'Open': 48906.61, 'High': 49058.07, 'Low': 48570.97, 'Close': 48638.64}","{'Open': 48900.0, 'High': 49106.63, 'Low': 48556.29, 'Close': 48612.97}","{'Open': 48923.48, 'High': 49123.53, 'Low': 48593.21, 'Close': 48629.94}","{'Open': 48919.5, 'High': 49100.0, 'Low': 48587.75, 'Close': 48630.75}","{'Open': 48899.6, 'High': 48899.9, 'Low': 48899.6, 'Close': 48899.9}","{'Open': 48892.5, 'High': 49080.5, 'Low': 48559.5, 'Close': 48559.5}","{'Open': 48913.57, 'High': 49078.28, 'Low': 48581.8, 'Close': 48637.63}","{'Open': 48927.33, 'High': 49083.52, 'Low': 48544.18, 'Close': 48653.24}"
2021-02-24 00:05:00,"{'Open': 48683.05, 'High': 48683.05, 'Low': 48683.05, 'Close': 48683.05}","{'Open': 48603.0, 'High': 48707.5, 'Low': 48473.34, 'Close': 48571.12}","{'Open': 48638.3, 'High': 48709.53, 'Low': 48502.35, 'Close': 48607.98}","{'Open': 48686.85, 'High': 48707.82, 'Low': 48497.16, 'Close': 48589.23}","{'Open': 48603.25, 'High': 48725.83, 'Low': 48508.36, 'Close': 48627.7}","{'Open': 48649.08, 'High': 48747.55, 'Low': 48531.06, 'Close': 48613.89}","{'Open': 48650.25, 'High': 48775.75, 'Low': 48537.12, 'Close': 48612.5}",NO TRADES,"{'Open': 48694.0, 'High': 48761.0, 'Low': 48503.5, 'Close': 48585.0}","{'Open': 48632.03, 'High': 48722.28, 'Low': 48554.89, 'Close': 48582.04}","{'Open': 48742.39, 'High': 48742.39, 'Low': 48500.0, 'Close': 48591.62}"
2021-02-24 00:10:00,"{'Open': 48574.05, 'High': 48574.05, 'Low': 48263.33, 'Close': 48263.33}","{'Open': 48576.0, 'High': 48578.5, 'Low': 48089.55, 'Close': 48089.55}","{'Open': 48593.9, 'High': 48607.31, 'Low': 48129.2, 'Close': 48129.2}","{'Open': 48588.44, 'High': 48620.09, 'Low': 48146.36, 'Close': 48204.15}","{'Open': 48627.6, 'High': 48635.14, 'Low': 48147.32, 'Close': 48147.32}","{'Open': 48630.73, 'High': 48630.73, 'Low': 48155.82, 'Close': 48155.82}","{'Open': 48592.75, 'High': 48629.62, 'Low': 48189.0, 'Close': 48189.0}","{'Open': 48899.57, 'High': 48899.57, 'Low': 48172.23, 'Close': 48176.05}","{'Open': 48592.0, 'High': 48608.0, 'Low': 48120.56, 'Close': 48147.5}","{'Open': 48593.07, 'High': 48631.26, 'Low': 48167.54, 'Close': 48174.41}","{'Open': 48597.69, 'High': 48661.95, 'Low': 48178.37, 'Close': 48212.59}"
2021-02-24 00:15:00,"{'Open': 47873.53, 'High': 47873.53, 'Low': 47648.25, 'Close': 47817.29}","{'Open': 48090.7, 'High': 48090.7, 'Low': 47557.02, 'Close': 47752.0}","{'Open': 48104.76, 'High': 48104.76, 'Low': 47607.21, 'Close': 47781.78}","{'Open': 48154.66, 'High': 48154.66, 'Low': 47607.71, 'Close': 47791.94}","{'Open': 48138.8, 'High': 48138.8, 'Low': 47595.25, 'Close': 47800.97}","{'Open': 48147.06, 'High': 48147.06, 'Low': 47611.97, 'Close': 47807.48}","{'Open': 48109.75, 'High': 48109.75, 'Low': 47589.25, 'Close': 47822.5}","{'Open': 48149.48, 'High': 48149.47, 'Low': 47599.43, 'Close': 47822.3}","{'Open': 48130.5, 'High': 48130.5, 'Low': 47575.25, 'Close': 47744.5}","{'Open': 48098.98, 'High': 48098.98, 'Low': 47609.33, 'Close': 47857.54}","{'Open': 48130.31, 'High': 48130.31, 'Low': 47601.0, 'Close': 47801.0}"
2021-02-24 00:20:00,"{'Open': 47500.0, 'High': 47500.0, 'Low': 47086.89, 'Close': 47153.51}","{'Open': 47748.0, 'High': 47748.0, 'Low': 46950.92, 'Close': 47032.0}","{'Open': 47778.05, 'High': 47778.05, 'Low': 47002.63, 'Close': 47055.43}","{'Open': 47766.73, 'High': 47766.73, 'Low': 46999.65, 'Close': 47133.12}","{'Open': 47793.72, 'High': 47793.72, 'Low': 47017.95, 'Close': 47096.29}","{'Open': 47812.0, 'High': 47811.99, 'Low': 47018.88, 'Close': 47114.02}","{'Open': 47783.67, 'High': 47783.67, 'Low': 47022.75, 'Close': 47077.0}","{'Open': 47786.43, 'High': 47786.43, 'Low': 47050.0, 'Close': 47072.2}","{'Open': 47769.75, 'High': 47769.75, 'Low': 46930.99, 'Close': 47090.0}","{'Open': 47706.19, 'High': 47748.9, 'Low': 47016.63, 'Close': 47091.91}","{'Open': 47765.18, 'High': 47765.18, 'Low': 47000.0, 'Close': 47092.3}"
2021-02-24 00:25:00,"{'Open': 47247.61, 'High': 47300.6, 'Low': 47247.61, 'Close': 47300.6}","{'Open': 47034.33, 'High': 47309.44, 'Low': 46981.79, 'Close': 47193.0}","{'Open': 47114.14, 'High': 47332.52, 'Low': 47025.04, 'Close': 47269.36}","{'Open': 47099.54, 'High': 47350.65, 'Low': 47019.27, 'Close': 47250.92}","{'Open': 47134.38, 'High': 47350.08, 'Low': 47015.64, 'Close': 47256.91}","{'Open': 47136.56, 'High': 47349.38, 'Low': 47009.56, 'Close': 47260.0}","{'Open': 47130.75, 'High': 47326.5, 'Low': 47024.81, 'Close': 47225.25}","{'Open': 47128.8, 'High': 47300.0, 'Low': 47015.7, 'Close': 47245.73}","{'Open': 47156.5, 'High': 47315.75, 'Low': 47008.5, 'Close': 47265.5}","{'Open': 47170.12, 'High': 47351.35, 'Low': 47157.28, 'Close': 47225.92}","{'Open': 47144.02, 'High': 47341.49, 'Low': 47031.47, 'Close': 47239.68}"
2021-02-24 00:30:00,"{'Open': 47399.97, 'High': 47563.17, 'Low': 47399.97, 'Close': 47563.17}","{'Open': 47166.5, 'High': 47692.76, 'Low': 47166.5, 'Close': 47615.71}","{'Open': 47272.36, 'High': 47697.54, 'Low': 47239.9, 'Close': 47683.23}","{'Open': 47289.12, 'High': 47704.9, 'Low': 47289.12, 'Close': 47633.65}","{'Open': 47245.34, 'High': 47735.99, 'Low': 47245.34, 'Close': 47653.88}","{'Open': 47255.85, 'High': 47708.5, 'Low': 47244.46, 'Close': 47687.94}","{'Open': 47270.25, 'High': 47680.75, 'Low': 47270.25, 'Close': 47675.0}","{'Open': 47225.0, 'High': 47720.0, 'Low': 47225.0, 'Close': 47668.1}","{'Open': 47248.5, 'High': 47728.25, 'Low': 47248.5, 'Close': 47667.62}","{'Open': 47372.7, 'High': 47693.72, 'Low': 47372.7, 'Close': 47632.98}","{'Open': 47275.7, 'High': 47704.51, 'Low': 47275.7, 'Close': 47600.3}"
2021-02-24 00:35:00,"{'Open': 47741.14, 'High': 47741.14, 'Low': 47741.14, 'Close': 47741.14}","{'Open': 47638.0, 'High': 47766.17, 'Low': 47540.9, 'Close': 47690.0}","{'Open': 47654.38, 'High': 47801.84, 'Low': 47571.79, 'Close': 47700.0}","{'Open': 47646.61, 'High': 47771.01, 'Low': 47600.0, 'Close': 47701.09}","{'Open': 47665.12, 'High': 47794.4, 'Low': 47577.69, 'Close': 47728.66}","{'Open': 47667.88, 'High': 47831.29, 'Low': 47615.49, 'Close': 47725.29}","{'Open': 47657.5, 'High': 47802.5, 'Low': 47554.75, 'Close': 47721.5}","{'Open': 47648.8, 'High': 47777.3, 'Low': 47553.7, 'Close': 47695.4}","{'Open': 47678.5, 'High': 47802.0, 'Low': 47600.8, 'Close': 47671.0}","{'Open': 47638.91, 'High': 47776.99, 'Low': 47596.8, 'Close': 47623.63}","{'Open': 47645.43, 'High': 47782.15, 'Low': 47575.45, 'Close': 47700.87}"
2021-02-24 00:40:00,NO TRADES,"{'Open': 47683.0, 'High': 47799.25, 'Low': 47575.0, 'Close': 47702.0}","{'Open': 47695.07, 'High': 47840.0, 'Low': 47596.13, 'Close': 47728.84}","{'Open': 47754.24, 'High': 47863.65, 'Low': 47660.73, 'Close': 47733.88}","{'Open': 47723.56, 'High': 47853.41, 'Low': 47572.0, 'Close': 47734.25}","{'Open': 47787.52, 'High': 47878.86, 'Low': 47610.95, 'Close': 47679.67}","{'Open': 47721.5, 'High': 47863.75, 'Low': 47636.0, 'Close': 47725.5}","{'Open': 47704.98, 'High': 47823.22, 'Low': 47604.47, 'Close': 47748.9}","{'Open': 47742.0, 'High': 47859.46, 'Low': 47587.12, 'Close': 47708.88}","{'Open': 47808.06, 'High': 47862.17, 'Low': 47629.0, 'Close': 47724.61}","{'Open': 47705.04, 'High': 47872.67, 'Low': 47609.13, 'Close': 47771.44}"
2021-02-24 00:45:00,NO TRADES,"{'Open': 47707.0, 'High': 47906.12, 'Low': 47707.0, 'Close': 47730.0}","{'Open': 47727.91, 'High': 47903.71, 'Low': 47727.91, 'Close': 47762.53}","{'Open': 47775.49, 'High': 47958.21, 'Low': 47758.75, 'Close': 47758.75}","{'Open': 47750.21, 'High': 47951.29, 'Low': 47732.72, 'Close': 47772.02}","{'Open': 47760.77, 'High': 47948.71, 'Low': 47744.02, 'Close': 47791.65}","{'Open': 47725.5, 'High': 47952.0, 'Low': 47709.0, 'Close': 47785.88}","{'Open': 47738.0, 'High': 47968.34, 'Low': 47738.0, 'Close': 47775.4}","{'Open': 47811.5, 'High': 47892.25, 'Low': 47730.5, 'Close': 47739.5}","{'Open': 47771.93, 'High': 47966.49, 'Low': 47771.93, 'Close': 47779.7}","{'Open': 47751.34, 'High': 47954.75, 'Low': 47724.96, 'Close': 47765.21}"
2021-02-24 00:50:00,"{'Open': 48128.62, 'High': 48191.14, 'Low': 48128.62, 'Close': 48191.14}","{'Open': 47743.0, 'High': 48233.12, 'Low': 47704.0, 'Close': 48167.0}","{'Open': 47763.66, 'High': 48224.22, 'Low': 47720.01, 'Close': 48198.05}","{'Open': 47779.11, 'High': 48200.0, 'Low': 47726.94, 'Close': 48194.35}","{'Open': 47769.62, 'High': 48249.92, 'Low': 47727.75, 'Close': 48200.0}","{'Open': 47782.61, 'High': 48249.04, 'Low': 47753.1, 'Close': 48207.99}","{'Open': 47771.0, 'High': 48248.75, 'Low': 47732.75, 'Close': 48198.75}","{'Open': 47812.3, 'High': 48226.1, 'Low': 47750.0, 'Close': 48202.9}","{'Open': 47722.0, 'High': 48193.0, 'Low': 47708.06, 'Close': 48193.0}","{'Open': 47786.34, 'High': 48240.76, 'Low': 47745.04, 'Close': 48199.35}","{'Open': 47821.21, 'High': 48234.0, 'Low': 47730.73, 'Close': 48185.85}"
2021-02-24 00:55:00,NO TRADES,"{'Open': 48173.72, 'High': 48494.33, 'Low': 48133.0, 'Close': 48485.5}","{'Open': 48190.5, 'High': 48482.38, 'Low': 48151.56, 'Close': 48480.98}","{'Open': 48200.0, 'High': 48488.0, 'Low': 48200.0, 'Close': 48488.0}","{'Open': 48196.3, 'High': 48515.07, 'Low': 48162.85, 'Close': 48492.75}","{'Open': 48187.02, 'High': 48513.17, 'Low': 48182.13, 'Close': 48513.16}","{'Open': 48198.75, 'High': 48485.25, 'Low': 48183.75, 'Close': 48485.25}","{'Open': 48204.2, 'High': 48499.0, 'Low': 48192.3, 'Close': 48498.95}","{'Open': 48171.59, 'High': 48504.0, 'Low': 48164.0, 'Close': 48504.0}","{'Open': 48213.76, 'High': 48450.6, 'Low': 48161.56, 'Close': 48450.6}","{'Open': 48180.71, 'High': 48513.29, 'Low': 48162.81, 'Close': 48513.29}"
2021-02-24 01:00:00,NO TRADES,"{'Open': 48454.0, 'High': 48704.0, 'Low': 48413.0, 'Close': 48489.26}","{'Open': 48440.07, 'High': 48700.0, 'Low': 48440.07, 'Close': 48531.07}","{'Open': 48488.0, 'High': 48698.02, 'Low': 48453.81, 'Close': 48512.39}","{'Open': 48503.31, 'High': 48720.28, 'Low': 48440.86, 'Close': 48545.76}","{'Open': 48510.28, 'High': 48711.82, 'Low': 48462.55, 'Close': 48556.69}","{'Open': 48485.25, 'High': 48726.5, 'Low': 48447.88, 'Close': 48510.25}","{'Open': 48499.0, 'High': 48715.33, 'Low': 48474.6, 'Close': 48542.0}","{'Open': 48501.75, 'High': 48690.0, 'Low': 48438.0, 'Close': 48518.5}","{'Open': 48527.41, 'High': 48684.15, 'Low': 48476.68, 'Close': 48544.58}","{'Open': 48480.9, 'High': 48709.72, 'Low': 48434.22, 'Close': 48506.24}"
2021-02-24 01:05:00,NO TRADES,"{'Open': 48508.86, 'High': 48867.16, 'Low': 48508.0, 'Close': 48818.07}","{'Open': 48509.2, 'High': 48899.99, 'Low': 48509.2, 'Close': 48806.3}","{'Open': 48520.56, 'High': 48874.03, 'Low': 48520.56, 'Close': 48842.9}","{'Open': 48546.13, 'High': 48896.52, 'Low': 48546.13, 'Close': 48827.77}","{'Open': 48559.57, 'High': 48866.26, 'Low': 48532.48, 'Close': 48794.0}","{'Open': 48552.25, 'High': 48902.5, 'Low': 48552.25, 'Close': 48822.5}","{'Open': 48541.9, 'High': 48859.7, 'Low': 48541.9, 'Close': 48826.1}","{'Open': 48558.0, 'High': 48850.5, 'Low': 48557.5, 'Close': 48801.0}","{'Open': 48867.75, 'High': 48874.96, 'Low': 48691.43, 'Close': 48873.0}","{'Open': 48509.42, 'High': 48896.44, 'Low': 48509.43, 'Close': 48817.6}"
2021-02-24 01:10:00,"{'Open': 48934.14, 'High': 48934.14, 'Low': 48798.7, 'Close': 48798.7}","{'Open': 48796.0, 'High': 48939.0, 'Low': 48658.0, 'Close': 48718.0}","{'Open': 48788.14, 'High': 48973.6, 'Low': 48690.49, 'Close': 48734.12}","{'Open': 48797.53, 'High': 48941.39, 'Low': 48676.29, 'Close': 48711.97}","{'Open': 48832.5, 'High': 48962.39, 'Low': 48681.77, 'Close': 48758.8}","{'Open': 48775.81, 'High': 48988.95, 'Low': 48750.0, 'Close': 48784.18}","{'Open': 48824.0, 'High': 48953.0, 'Low': 48738.75, 'Close': 48754.38}","{'Open': 48819.6, 'High': 48917.44, 'Low': 48654.83, 'Close': 48765.5}","{'Open': 48788.5, 'High': 48946.5, 'Low': 48729.0, 'Close': 48753.5}","{'Open': 48791.96, 'High': 48962.25, 'Low': 48727.95, 'Close': 48761.27}","{'Open': 48815.65, 'High': 48993.46, 'Low': 48672.22, 'Close': 48746.72}"
2021-02-24 01:15:00,NO TRADES,"{'Open': 48707.0, 'High': 49067.89, 'Low': 48707.0, 'Close': 49014.0}","{'Open': 48749.99, 'High': 49068.99, 'Low': 48749.99, 'Close': 49009.36}","{'Open': 48719.83, 'High': 49000.0, 'Low': 48708.29, 'Close': 49000.0}","{'Open': 48752.14, 'High': 49076.29, 'Low': 48744.56, 'Close': 49030.96}","{'Open': 48778.2, 'High': 49085.44, 'Low': 48778.2, 'Close': 49050.19}","{'Open': 48758.0, 'High': 49065.5, 'Low': 48738.0, 'Close': 49039.0}","{'Open': 48765.5, 'High': 49075.09, 'Low': 48760.5, 'Close': 49025.7}","{'Open': 48758.5, 'High': 49073.0, 'Low': 48758.5, 'Close': 49073.0}","{'Open': 48834.38, 'High': 49072.67, 'Low': 48834.38, 'Close': 49031.68}","{'Open': 48721.74, 'High': 49078.52, 'Low': 48721.74, 'Close': 49015.94}"
2021-02-24 01:20:00,NO TRADES,"{'Open': 49016.0, 'High': 49161.19, 'Low': 48868.42, 'Close': 49161.19}","{'Open': 49033.03, 'High': 49176.29, 'Low': 48869.22, 'Close': 49173.35}","{'Open': 49000.0, 'High': 49158.29, 'Low': 48863.43, 'Close': 49158.29}","{'Open': 49024.22, 'High': 49218.86, 'Low': 48901.24, 'Close': 49218.86}","{'Open': 49050.09, 'High': 49200.0, 'Low': 48914.6, 'Close': 49200.0}","{'Open': 49014.25, 'High': 49203.12, 'Low': 48886.75, 'Close': 49203.12}","{'Open': 49025.78, 'High': 49145.8, 'Low': 48900.1, 'Close': 49145.8}","{'Open': 49075.0, 'High': 49220.5, 'Low': 48891.5, 'Close': 49220.5}","{'Open': 49047.42, 'High': 49215.19, 'Low': 48910.57, 'Close': 49215.19}","{'Open': 49012.22, 'High': 49181.6, 'Low': 48867.88, 'Close': 49180.06}"
2021-02-24 01:25:00,NO TRADES,"{'Open': 49166.18, 'High': 49355.0, 'Low': 49111.0, 'Close': 49155.0}","{'Open': 49173.35, 'High': 49350.59, 'Low': 49120.8, 'Close': 49154.88}","{'Open': 49142.9, 'High': 49341.07, 'Low': 49114.02, 'Close': 49136.05}","{'Open': 49219.93, 'High': 49375.0, 'Low': 49136.98, 'Close': 49191.38}","{'Open': 49188.48, 'High': 49379.87, 'Low': 49162.52, 'Close': 49214.54}","{'Open': 49203.25, 'High': 49333.0, 'Low': 49151.75, 'Close': 49170.5}","{'Open': 49145.7, 'High': 49333.0, 'Low': 49116.7, 'Close': 49165.2}","{'Open': 49172.5, 'High': 49378.5, 'Low': 49150.5, 'Close': 49192.0}","{'Open': 49225.82, 'High': 49365.8, 'Low': 49161.11, 'Close': 49191.15}","{'Open': 49184.22, 'High': 49346.32, 'Low': 49094.24, 'Close': 49155.93}"
2021-02-24 01:30:00,NO TRADES,"{'Open': 49184.5, 'High': 49205.0, 'Low': 48765.88, 'Close': 49012.5}","{'Open': 49179.26, 'High': 49190.23, 'Low': 48782.85, 'Close': 48982.62}","{'Open': 49157.91, 'High': 49188.28, 'Low': 48761.94, 'Close': 48957.37}","{'Open': 49212.05, 'High': 49229.71, 'Low': 48780.54, 'Close': 49033.73}","{'Open': 49233.05, 'High': 49233.05, 'Low': 48794.01, 'Close': 49046.84}","{'Open': 49219.0, 'High': 49220.75, 'Low': 48791.38, 'Close': 49019.0}","{'Open': 49200.65, 'High': 49207.45, 'Low': 48755.12, 'Close': 48981.4}","{'Open': 49209.5, 'High': 49209.5, 'Low': 48753.5, 'Close': 49027.0}","{'Open': 49218.55, 'High': 49218.55, 'Low': 48787.54, 'Close': 49032.73}","{'Open': 49180.68, 'High': 49219.6, 'Low': 48754.7, 'Close': 49029.98}"
2021-02-24 01:35:00,"{'Open': 49140.16, 'High': 49140.16, 'Low': 49140.16, 'Close': 49140.16}","{'Open': 49005.86, 'High': 49304.26, 'Low': 48896.0, 'Close': 49302.88}","{'Open': 49008.91, 'High': 49303.3, 'Low': 48937.36, 'Close': 49285.0}","{'Open': 48992.95, 'High': 49282.62, 'Low': 48921.16, 'Close': 49282.62}","{'Open': 49024.75, 'High': 49326.31, 'Low': 48928.93, 'Close': 49318.04}","{'Open': 49026.28, 'High': 49305.23, 'Low': 48954.55, 'Close': 49300.0}","{'Open': 49010.5, 'High': 49323.5, 'Low': 48938.25, 'Close': 49307.25}","{'Open': 48999.92, 'High': 49298.45, 'Low': 48912.7, 'Close': 49298.35}","{'Open': 48980.75, 'High': 49280.0, 'Low': 48948.0, 'Close': 49275.5}","{'Open': 48979.08, 'High': 49300.0, 'Low': 48934.89, 'Close': 49300.0}","{'Open': 48990.05, 'High': 49327.5, 'Low': 48926.76, 'Close': 49301.2}"
2021-02-24 01:40:00,"{'Open': 49777.91, 'High': 49818.51, 'Low': 49777.91, 'Close': 49818.51}","{'Open': 49307.0, 'High': 49895.04, 'Low': 49290.0, 'Close': 49752.0}","{'Open': 49285.0, 'High': 49893.67, 'Low': 49285.0, 'Close': 49728.82}","{'Open': 49287.02, 'High': 49859.82, 'Low': 49282.62, 'Close': 49738.68}","{'Open': 49299.14, 'High': 49896.99, 'Low': 49299.14, 'Close': 49769.44}","{'Open': 49295.07, 'High': 49900.29, 'Low': 49295.07, 'Close': 49732.09}","{'Open': 49307.25, 'High': 49914.25, 'Low': 49307.25, 'Close': 49745.17}","{'Open': 49300.0, 'High': 49888.4, 'Low': 49300.0, 'Close': 49767.2}","{'Open': 49353.0, 'High': 49876.5, 'Low': 49353.0, 'Close': 49718.5}","{'Open': 49300.0, 'High': 49885.09, 'Low': 49300.0, 'Close': 49742.59}","{'Open': 49301.54, 'High': 49881.48, 'Low': 49301.54, 'Close': 49716.85}"
2021-02-24 01:45:00,NO TRADES,"{'Open': 49739.0, 'High': 49945.33, 'Low': 49661.67, 'Close': 49821.0}","{'Open': 49715.17, 'High': 49939.05, 'Low': 49658.31, 'Close': 49796.96}","{'Open': 49664.86, 'High': 49903.6, 'Low': 49664.86, 'Close': 49792.14}","{'Open': 49732.56, 'High': 49949.16, 'Low': 49667.12, 'Close': 49840.94}","{'Open': 49699.99, 'High': 49979.66, 'Low': 49674.17, 'Close': 49847.79}","{'Open': 49763.94, 'High': 49953.5, 'Low': 49700.0, 'Close': 49819.5}","{'Open': 49706.7, 'High': 49928.13, 'Low': 49665.0, 'Close': 49800.16}","{'Open': 49674.5, 'High': 49951.5, 'Low': 49666.5, 'Close': 49761.5}","{'Open': 49686.54, 'High': 49948.15, 'Low': 49668.82, 'Close': 49827.45}","{'Open': 49699.0, 'High': 49908.16, 'Low': 49655.24, 'Close': 49778.36}"
2021-02-24 01:50:00,NO TRADES,"{'Open': 49794.0, 'High': 49798.0, 'Low': 49503.0, 'Close': 49755.0}","{'Open': 49796.98, 'High': 49806.82, 'Low': 49522.64, 'Close': 49784.75}","{'Open': 49767.38, 'High': 49795.98, 'Low': 49546.79, 'Close': 49789.01}","{'Open': 49824.31, 'High': 49834.37, 'Low': 49542.04, 'Close': 49819.31}","{'Open': 49826.92, 'High': 49826.92, 'Low': 49523.95, 'Close': 49810.28}","{'Open': 49819.5, 'High': 49819.5, 'Low': 49532.12, 'Close': 49797.5}","{'Open': 49802.3, 'High': 49802.3, 'Low': 49533.9, 'Close': 49788.4}","{'Open': 49787.5, 'High': 49803.0, 'Low': 49517.5, 'Close': 49780.83}","{'Open': 49802.45, 'High': 49821.48, 'Low': 49563.48, 'Close': 49780.4}","{'Open': 49796.82, 'High': 49807.63, 'Low': 49530.0, 'Close': 49781.62}"
2021-02-24 01:55:00,"{'Open': 50161.64, 'High': 50161.64, 'Low': 50161.64, 'Close': 50161.64}","{'Open': 49765.0, 'High': 50227.5, 'Low': 49612.25, 'Close': 50207.43}","{'Open': 49800.0, 'High': 50214.49, 'Low': 49626.71, 'Close': 50214.49}","{'Open': 49795.26, 'High': 50216.29, 'Low': 49634.0, 'Close': 50199.99}","{'Open': 49804.1, 'High': 50313.18, 'Low': 49666.38, 'Close': 50228.45}","{'Open': 49812.78, 'High': 50253.18, 'Low': 49666.72, 'Close': 50227.97}","{'Open': 49803.75, 'High': 50208.25, 'Low': 49662.5, 'Close': 50193.17}","{'Open': 49765.7, 'High': 50200.0, 'Low': 49650.1, 'Close': 50180.4}","{'Open': 49767.0, 'High': 50232.88, 'Low': 49647.0, 'Close': 50168.57}","{'Open': 49736.25, 'High': 50201.53, 'Low': 49669.59, 'Close': 50201.53}","{'Open': 49774.85, 'High': 50232.0, 'Low': 49636.86, 'Close': 50206.74}"
2021-02-24 02:00:00,"{'Open': 49994.55, 'High': 50513.79, 'Low': 49994.55, 'Close': 50513.79}","{'Open': 50183.67, 'High': 50504.79, 'Low': 49847.93, 'Close': 50504.79}","{'Open': 50193.2, 'High': 50536.63, 'Low': 49871.32, 'Close': 50531.41}","{'Open': 50198.75, 'High': 50526.54, 'Low': 49861.58, 'Close': 50525.88}","{'Open': 50251.42, 'High': 50589.77, 'Low': 49900.6, 'Close': 50589.77}","{'Open': 50257.72, 'High': 50573.57, 'Low': 49899.88, 'Close': 50573.57}","{'Open': 50193.25, 'High': 50511.58, 'Low': 49882.0, 'Close': 50511.58}","{'Open': 50211.07, 'High': 50557.3, 'Low': 49910.2, 'Close': 50547.34}","{'Open': 50181.0, 'High': 50533.93, 'Low': 49839.5, 'Close': 50532.45}","{'Open': 50240.11, 'High': 50557.93, 'Low': 49892.44, 'Close': 50557.93}","{'Open': 50224.22, 'High': 50548.99, 'Low': 49880.74, 'Close': 50548.99}"
2021-02-24 02:05:00,NO TRADES,"{'Open': 50515.0, 'High': 50552.41, 'Low': 50213.36, 'Close': 50325.0}","{'Open': 50518.1, 'High': 50544.09, 'Low': 50248.41, 'Close': 50309.49}","{'Open': 50528.55, 'High': 50572.8, 'Low': 50278.26, 'Close': 50318.75}","{'Open': 50594.54, 'High': 50594.54, 'Low': 50253.25, 'Close': 50362.2}","{'Open': 50597.47, 'High': 50598.32, 'Low': 50275.22, 'Close': 50357.14}","{'Open': 50537.62, 'High': 50537.62, 'Low': 50226.75, 'Close': 50313.25}","{'Open': 50564.5, 'High': 50564.5, 'Low': 50242.5, 'Close': 50336.23}","{'Open': 50569.0, 'High': 50569.0, 'Low': 50213.0, 'Close': 50316.5}","{'Open': 50541.68, 'High': 50567.44, 'Low': 50255.71, 'Close': 50342.93}","{'Open': 50550.13, 'High': 50602.39, 'Low': 50252.74, 'Close': 50340.55}"
2021-02-24 02:10:00,NO TRADES,"{'Open': 50334.44, 'High': 50366.75, 'Low': 49994.2, 'Close': 50312.59}","{'Open': 50354.99, 'High': 50354.99, 'Low': 49989.72, 'Close': 50338.9}","{'Open': 50370.66, 'High': 50370.66, 'Low': 50036.33, 'Close': 50337.63}","{'Open': 50363.92, 'High': 50375.58, 'Low': 50011.44, 'Close': 50342.04}","{'Open': 50358.69, 'High': 50391.17, 'Low': 50036.83, 'Close': 50335.96}","{'Open': 50339.75, 'High': 50356.5, 'Low': 49992.0, 'Close': 50318.25}","{'Open': 50336.2, 'High': 50350.88, 'Low': 50031.34, 'Close': 50345.67}","{'Open': 50337.0, 'High': 50340.5, 'Low': 49993.75, 'Close': 50322.0}","{'Open': 50332.51, 'High': 50335.61, 'Low': 49992.31, 'Close': 50263.5}","{'Open': 50312.78, 'High': 50363.99, 'Low': 50000.0, 'Close': 50326.65}"
2021-02-24 02:15:00,"{'Open': 50136.78, 'High': 50136.78, 'Low': 50136.78, 'Close': 50136.78}","{'Open': 50332.0, 'High': 50354.0, 'Low': 49896.82, 'Close': 50089.0}","{'Open': 50347.09, 'High': 50347.1, 'Low': 49897.78, 'Close': 50051.66}","{'Open': 50335.15, 'High': 50375.67, 'Low': 49949.93, 'Close': 50077.39}","{'Open': 50342.73, 'High': 50359.37, 'Low': 49908.8, 'Close': 50098.88}","{'Open': 50335.53, 'High': 50358.67, 'Low': 49892.51, 'Close': 50097.07}","{'Open': 50318.25, 'High': 50343.75, 'Low': 49905.88, 'Close': 50052.0}","{'Open': 50346.9, 'High': 50365.9, 'Low': 49907.4, 'Close': 50080.0}","{'Open': 50322.0, 'High': 50322.0, 'Low': 49894.75, 'Close': 50093.5}","{'Open': 50363.27, 'High': 50383.95, 'Low': 49915.85, 'Close': 50058.89}","{'Open': 50344.57, 'High': 50367.81, 'Low': 49902.33, 'Close': 50093.32}"
2021-02-24 02:20:00,NO TRADES,"{'Open': 50101.73, 'High': 50145.54, 'Low': 49830.35, 'Close': 49872.5}","{'Open': 50076.65, 'High': 50126.34, 'Low': 49808.2, 'Close': 49865.88}","{'Open': 50116.75, 'High': 50157.79, 'Low': 49838.02, 'Close': 49901.27}","{'Open': 50122.45, 'High': 50152.69, 'Low': 49838.14, 'Close': 49869.77}","{'Open': 50097.07, 'High': 50150.9, 'Low': 49842.67, 'Close': 49861.46}","{'Open': 50089.5, 'High': 50124.75, 'Low': 49832.25, 'Close': 49860.75}","{'Open': 50111.31, 'High': 50135.5, 'Low': 49846.7, 'Close': 49876.7}","{'Open': 50123.5, 'High': 50130.0, 'Low': 49800.12, 'Close': 49871.0}","{'Open': 50151.64, 'High': 50151.92, 'Low': 49860.51, 'Close': 49877.46}","{'Open': 50119.7, 'High': 50151.97, 'Low': 49815.26, 'Close': 49852.33}"
2021-02-24 02:25:00,NO TRADES,"{'Open': 49867.0, 'High': 50165.6, 'Low': 49867.0, 'Close': 50066.5}","{'Open': 49857.94, 'High': 50146.9, 'Low': 49854.98, 'Close': 50051.6}","{'Open': 49888.67, 'High': 50165.01, 'Low': 49888.67, 'Close': 50056.01}","{'Open': 49850.58, 'High': 50177.14, 'Low': 49848.63, 'Close': 50037.97}","{'Open': 49863.79, 'High': 50159.11, 'Low': 49863.79, 'Close': 50063.91}","{'Open': 49855.75, 'High': 50144.75, 'Low': 49850.5, 'Close': 50017.0}","{'Open': 49860.95, 'High': 50159.7, 'Low': 49847.05, 'Close': 50033.78}","{'Open': 49883.25, 'High': 50164.5, 'Low': 49883.25, 'Close': 50019.5}","{'Open': 49857.12, 'High': 50158.61, 'Low': 49853.89, 'Close': 50029.73}","{'Open': 49862.83, 'High': 50169.64, 'Low': 49846.41, 'Close': 50045.09}"
2021-02-24 02:30:00,NO TRADES,"{'Open': 50031.33, 'High': 50354.45, 'Low': 50031.33, 'Close': 50248.0}","{'Open': 50031.42, 'High': 50334.69, 'Low': 50031.42, 'Close': 50201.88}","{'Open': 50088.59, 'High': 50360.02, 'Low': 50063.58, 'Close': 50268.66}","{'Open': 50052.04, 'High': 50366.03, 'Low': 50052.04, 'Close': 50230.15}","{'Open': 50086.54, 'High': 50375.73, 'Low': 50059.54, 'Close': 50250.08}","{'Open': 50049.88, 'High': 50319.0, 'Low': 50045.25, 'Close': 50211.5}","{'Open': 50037.3, 'High': 50330.0, 'Low': 50037.3, 'Close': 50225.1}","{'Open': 50120.0, 'High': 50335.0, 'Low': 50064.0, 'Close': 50216.5}","{'Open': 50118.78, 'High': 50321.79, 'Low': 50060.48, 'Close': 50223.94}","{'Open': 50049.83, 'High': 50366.22, 'Low': 50049.83, 'Close': 50230.45}"
2021-02-24 02:35:00,NO TRADES,"{'Open': 50203.0, 'High': 50477.68, 'Low': 50203.0, 'Close': 50339.4}","{'Open': 50200.06, 'High': 50478.14, 'Low': 50200.07, 'Close': 50338.19}","{'Open': 50237.74, 'High': 50480.56, 'Low': 50237.74, 'Close': 50382.82}","{'Open': 50229.95, 'High': 50488.99, 'Low': 50229.95, 'Close': 50358.83}","{'Open': 50250.08, 'High': 50475.0, 'Low': 50250.08, 'Close': 50354.74}","{'Open': 50200.0, 'High': 50466.12, 'Low': 50200.0, 'Close': 50336.25}","{'Open': 50226.5, 'High': 50474.9, 'Low': 50226.5, 'Close': 50351.3}","{'Open': 50314.5, 'High': 50485.0, 'Low': 50281.5, 'Close': 50349.5}","{'Open': 50251.36, 'High': 50463.98, 'Low': 50251.36, 'Close': 50345.86}","{'Open': 50235.18, 'High': 50471.57, 'Low': 50235.18, 'Close': 50335.55}"
2021-02-24 02:40:00,NO TRADES,"{'Open': 50326.5, 'High': 50341.5, 'Low': 50043.0, 'Close': 50083.29}","{'Open': 50318.77, 'High': 50341.65, 'Low': 50050.02, 'Close': 50093.99}","{'Open': 50335.46, 'High': 50335.46, 'Low': 50060.12, 'Close': 50112.73}","{'Open': 50357.69, 'High': 50381.52, 'Low': 50050.25, 'Close': 50115.73}","{'Open': 50340.39, 'High': 50371.04, 'Low': 50059.27, 'Close': 50137.78}","{'Open': 50325.5, 'High': 50335.0, 'Low': 50027.0, 'Close': 50087.5}","{'Open': 50329.1, 'High': 50342.4, 'Low': 50051.5, 'Close': 50107.44}","{'Open': 50344.5, 'High': 50359.5, 'Low': 50033.0, 'Close': 50089.17}","{'Open': 50303.57, 'High': 50333.95, 'Low': 50043.46, 'Close': 50087.22}","{'Open': 50311.89, 'High': 50364.54, 'Low': 50055.05, 'Close': 50103.24}"
2021-02-24 02:45:00,NO TRADES,"{'Open': 50086.0, 'High': 50400.0, 'Low': 50086.0, 'Close': 50300.0}","{'Open': 50096.14, 'High': 50414.36, 'Low': 50096.14, 'Close': 50274.18}","{'Open': 50198.1, 'High': 50436.22, 'Low': 50168.33, 'Close': 50336.98}","{'Open': 50110.55, 'High': 50444.93, 'Low': 50110.55, 'Close': 50332.17}","{'Open': 50138.13, 'High': 50467.76, 'Low': 50138.13, 'Close': 50308.1}","{'Open': 50089.75, 'High': 50436.5, 'Low': 50089.75, 'Close': 50292.25}","{'Open': 50096.5, 'High': 50418.5, 'Low': 50094.07, 'Close': 50269.8}","{'Open': 50111.5, 'High': 50430.5, 'Low': 50111.5, 'Close': 50325.5}","{'Open': 50094.12, 'High': 50419.47, 'Low': 50083.96, 'Close': 50314.94}","{'Open': 50163.93, 'High': 50443.42, 'Low': 50163.93, 'Close': 50321.16}"
2021-02-24 02:50:00,NO TRADES,"{'Open': 50287.98, 'High': 50388.0, 'Low': 50218.0, 'Close': 50330.0}","{'Open': 50328.5, 'High': 50398.55, 'Low': 50215.25, 'Close': 50331.33}","{'Open': 50319.73, 'High': 50444.05, 'Low': 50266.86, 'Close': 50365.27}","{'Open': 50348.58, 'High': 50432.19, 'Low': 50255.02, 'Close': 50369.07}","{'Open': 50343.81, 'High': 50445.29, 'Low': 50280.01, 'Close': 50350.42}","{'Open': 50297.75, 'High': 50415.75, 'Low': 50245.25, 'Close': 50316.75}","{'Open': 50304.14, 'High': 50399.9, 'Low': 50248.8, 'Close': 50334.3}","{'Open': 50316.17, 'High': 50431.45, 'Low': 50224.0, 'Close': 50346.0}","{'Open': 50332.42, 'High': 50385.25, 'Low': 50229.95, 'Close': 50316.83}","{'Open': 50350.8, 'High': 50407.35, 'Low': 50247.29, 'Close': 50366.85}"
2021-02-24 02:55:00,NO TRADES,"{'Open': 50339.63, 'High': 50372.0, 'Low': 50132.7, 'Close': 50173.24}","{'Open': 50355.66, 'High': 50400.0, 'Low': 50176.1, 'Close': 50206.46}","{'Open': 50359.02, 'High': 50412.79, 'Low': 50206.61, 'Close': 50230.77}","{'Open': 50377.9, 'High': 50433.66, 'Low': 50200.0, 'Close': 50222.69}","{'Open': 50386.06, 'High': 50430.22, 'Low': 50202.55, 'Close': 50244.25}","{'Open': 50372.75, 'High': 50405.5, 'Low': 50165.0, 'Close': 50215.5}","{'Open': 50350.0, 'High': 50380.0, 'Low': 50203.93, 'Close': 50215.87}","{'Open': 50378.5, 'High': 50385.0, 'Low': 50175.67, 'Close': 50191.5}","{'Open': 50347.8, 'High': 50396.99, 'Low': 50183.97, 'Close': 50189.77}","{'Open': 50385.83, 'High': 50405.13, 'Low': 50194.73, 'Close': 50202.83}"
2021-02-24 03:00:00,NO TRADES,"{'Open': 50161.0, 'High': 50433.0, 'Low': 50045.82, 'Close': 50382.5}","{'Open': 50173.46, 'High': 50477.7, 'Low': 50099.21, 'Close': 50439.84}","{'Open': 50213.58, 'High': 50475.8, 'Low': 50105.15, 'Close': 50450.68}","{'Open': 50220.01, 'High': 50487.98, 'Low': 50089.65, 'Close': 50451.89}","{'Open': 50200.0, 'High': 50506.97, 'Low': 50063.43, 'Close': 50486.04}","{'Open': 50166.25, 'High': 50481.25, 'Low': 50073.0, 'Close': 50424.0}","{'Open': 50202.2, 'High': 50442.8, 'Low': 50082.03, 'Close': 50433.1}","{'Open': 50171.0, 'High': 50470.0, 'Low': 50073.75, 'Close': 50414.75}","{'Open': 50186.42, 'High': 50478.88, 'Low': 50140.5, 'Close': 50478.88}","{'Open': 50190.12, 'High': 50470.0, 'Low': 50090.0, 'Close': 50442.94}"
2021-02-24 03:05:00,NO TRADES,"{'Open': 50402.0, 'High': 50511.36, 'Low': 50255.0, 'Close': 50260.33}","{'Open': 50434.56, 'High': 50531.36, 'Low': 50291.37, 'Close': 50310.98}","{'Open': 50459.44, 'High': 50549.57, 'Low': 50309.7, 'Close': 50338.1}","{'Open': 50451.42, 'High': 50558.87, 'Low': 50320.86, 'Close': 50366.67}","{'Open': 50481.46, 'High': 50566.65, 'Low': 50350.0, 'Close': 50369.76}","{'Open': 50423.75, 'High': 50529.0, 'Low': 50283.0, 'Close': 50309.0}","{'Open': 50442.7, 'High': 50528.9, 'Low': 50300.0, 'Close': 50300.0}","{'Open': 50433.5, 'High': 50541.5, 'Low': 50296.0, 'Close': 50334.5}","{'Open': 50418.18, 'High': 50535.14, 'Low': 50283.35, 'Close': 50321.42}","{'Open': 50460.73, 'High': 50535.61, 'Low': 50317.81, 'Close': 50334.42}"
2021-02-24 03:10:00,NO TRADES,"{'Open': 50278.0, 'High': 50445.64, 'Low': 50234.0, 'Close': 50367.0}","{'Open': 50282.51, 'High': 50465.95, 'Low': 50260.63, 'Close': 50392.6}","{'Open': 50339.65, 'High': 50514.24, 'Low': 50285.61, 'Close': 50452.5}","{'Open': 50354.02, 'High': 50504.72, 'Low': 50286.57, 'Close': 50447.2}","{'Open': 50365.29, 'High': 50536.51, 'Low': 50302.21, 'Close': 50438.17}","{'Open': 50309.75, 'High': 50484.25, 'Low': 50254.0, 'Close': 50426.5}","{'Open': 50351.4, 'High': 50490.2, 'Low': 50300.0, 'Close': 50426.9}","{'Open': 50315.0, 'High': 50495.5, 'Low': 50279.0, 'Close': 50410.5}","{'Open': 50283.92, 'High': 50478.18, 'Low': 50275.99, 'Close': 50434.08}","{'Open': 50325.6, 'High': 50499.48, 'Low': 50290.0, 'Close': 50457.52}"
2021-02-24 03:15:00,NO TRADES,"{'Open': 50371.0, 'High': 50453.99, 'Low': 50206.6, 'Close': 50435.5}","{'Open': 50409.54, 'High': 50470.39, 'Low': 50216.66, 'Close': 50431.35}","{'Open': 50436.08, 'High': 50523.36, 'Low': 50310.16, 'Close': 50523.36}","{'Open': 50434.92, 'High': 50514.79, 'Low': 50263.42, 'Close': 50482.52}","{'Open': 50413.11, 'High': 50500.14, 'Low': 50250.0, 'Close': 50483.89}","{'Open': 50384.0, 'High': 50493.0, 'Low': 50228.0, 'Close': 50445.0}","{'Open': 50430.8, 'High': 50500.0, 'Low': 50258.92, 'Close': 50499.98}","{'Open': 50390.0, 'High': 50490.0, 'Low': 50279.0, 'Close': 50442.5}","{'Open': 50397.52, 'High': 50478.2, 'Low': 50231.49, 'Close': 50478.2}","{'Open': 50426.96, 'High': 50504.2, 'Low': 50257.55, 'Close': 50457.81}"
2021-02-24 03:20:00,NO TRADES,"{'Open': 50416.0, 'High': 50416.0, 'Low': 50214.0, 'Close': 50253.0}","{'Open': 50466.36, 'High': 50466.36, 'Low': 50241.43, 'Close': 50297.9}","{'Open': 50407.57, 'High': 50437.13, 'Low': 50278.83, 'Close': 50317.59}","{'Open': 50484.51, 'High': 50487.49, 'Low': 50257.72, 'Close': 50318.38}","{'Open': 50504.94, 'High': 50504.94, 'Low': 50264.35, 'Close': 50311.06}","{'Open': 50466.0, 'High': 50466.0, 'Low': 50248.5, 'Close': 50283.88}","{'Open': 50458.5, 'High': 50458.5, 'Low': 50288.0, 'Close': 50288.0}","{'Open': 50490.0, 'High': 50490.0, 'Low': 50267.0, 'Close': 50274.5}","{'Open': 50467.12, 'High': 50467.12, 'Low': 50315.84, 'Close': 50315.84}","{'Open': 50441.96, 'High': 50460.85, 'Low': 50251.96, 'Close': 50291.1}"
2021-02-24 03:25:00,NO TRADES,"{'Open': 50233.0, 'High': 50287.0, 'Low': 50163.77, 'Close': 50235.25}","{'Open': 50281.63, 'High': 50316.63, 'Low': 50213.36, 'Close': 50259.89}","{'Open': 50308.51, 'High': 50350.07, 'Low': 50252.06, 'Close': 50317.91}","{'Open': 50311.79, 'High': 50350.85, 'Low': 50227.55, 'Close': 50284.21}","{'Open': 50319.77, 'High': 50351.45, 'Low': 50231.18, 'Close': 50276.37}","{'Open': 50276.75, 'High': 50336.0, 'Low': 50221.67, 'Close': 50262.75}","{'Open': 50282.3, 'High': 50338.33, 'Low': 50237.8, 'Close': 50268.2}","{'Open': 50266.5, 'High': 50324.0, 'Low': 50219.0, 'Close': 50276.5}","{'Open': 50316.38, 'High': 50316.38, 'Low': 50232.23, 'Close': 50283.96}","{'Open': 50288.91, 'High': 50330.15, 'Low': 50220.66, 'Close': 50278.19}"
2021-02-24 03:30:00,NO TRADES,"{'Open': 50230.5, 'High': 50337.01, 'Low': 50210.32, 'Close': 50337.01}","{'Open': 50257.57, 'High': 50385.92, 'Low': 50252.49, 'Close': 50380.64}","{'Open': 50319.11, 'High': 50385.93, 'Low': 50257.29, 'Close': 50385.93}","{'Open': 50285.46, 'High': 50383.82, 'Low': 50243.82, 'Close': 50383.82}","{'Open': 50276.37, 'High': 50387.09, 'Low': 50236.69, 'Close': 50387.09}","{'Open': 50282.25, 'High': 50351.12, 'Low': 50244.0, 'Close': 50351.12}","{'Open': 50268.2, 'High': 50373.6, 'Low': 50268.2, 'Close': 50373.6}","{'Open': 50254.0, 'High': 50343.5, 'Low': 50238.62, 'Close': 50343.5}","{'Open': 50299.72, 'High': 50345.67, 'Low': 50250.74, 'Close': 50345.67}","{'Open': 50301.24, 'High': 50379.66, 'Low': 50238.83, 'Close': 50368.17}"
2021-02-24 03:35:00,NO TRADES,"{'Open': 50337.0, 'High': 50481.46, 'Low': 50288.51, 'Close': 50481.46}","{'Open': 50385.19, 'High': 50500.0, 'Low': 50286.24, 'Close': 50500.0}","{'Open': 50406.93, 'High': 50534.14, 'Low': 50358.82, 'Close': 50534.14}","{'Open': 50387.32, 'High': 50550.0, 'Low': 50326.39, 'Close': 50550.0}","{'Open': 50387.09, 'High': 50529.65, 'Low': 50313.94, 'Close': 50529.65}","{'Open': 50351.25, 'High': 50519.0, 'Low': 50318.25, 'Close': 50519.0}","{'Open': 50383.4, 'High': 50539.2, 'Low': 50347.9, 'Close': 50539.2}","{'Open': 50382.5, 'High': 50546.5, 'Low': 50317.0, 'Close': 50546.5}","{'Open': 50412.27, 'High': 50466.22, 'Low': 50330.56, 'Close': 50466.22}","{'Open': 50397.18, 'High': 50525.21, 'Low': 50316.03, 'Close': 50524.53}"
2021-02-24 03:40:00,NO TRADES,"{'Open': 50487.77, 'High': 50527.0, 'Low': 50351.0, 'Close': 50421.62}","{'Open': 50522.78, 'High': 50551.68, 'Low': 50395.35, 'Close': 50466.32}","{'Open': 50568.8, 'High': 50576.03, 'Low': 50407.63, 'Close': 50494.28}","{'Open': 50549.14, 'High': 50559.99, 'Low': 50406.9, 'Close': 50459.22}","{'Open': 50551.73, 'High': 50575.5, 'Low': 50402.65, 'Close': 50506.12}","{'Open': 50528.0, 'High': 50541.25, 'Low': 50383.5, 'Close': 50481.75}","{'Open': 50542.3, 'High': 50542.45, 'Low': 50388.41, 'Close': 50496.39}","{'Open': 50534.0, 'High': 50561.5, 'Low': 50382.5, 'Close': 50472.0}","{'Open': 50530.06, 'High': 50558.57, 'Low': 50394.0, 'Close': 50475.53}","{'Open': 50530.51, 'High': 50566.49, 'Low': 50368.5, 'Close': 50454.6}"
2021-02-24 03:45:00,NO TRADES,"{'Open': 50419.95, 'High': 50672.41, 'Low': 50270.0, 'Close': 50672.41}","{'Open': 50458.8, 'High': 50722.0, 'Low': 50335.14, 'Close': 50722.0}","{'Open': 50443.47, 'High': 50767.71, 'Low': 50365.03, 'Close': 50767.71}","{'Open': 50453.64, 'High': 50750.0, 'Low': 50321.65, 'Close': 50746.45}","{'Open': 50471.01, 'High': 50744.1, 'Low': 50350.0, 'Close': 50737.47}","{'Open': 50435.5, 'High': 50729.75, 'Low': 50313.75, 'Close': 50729.75}","{'Open': 50450.0, 'High': 50744.35, 'Low': 50307.6, 'Close': 50742.3}","{'Open': 50461.5, 'High': 50678.5, 'Low': 50341.5, 'Close': 50678.5}","{'Open': 50424.03, 'High': 50744.71, 'Low': 50329.18, 'Close': 50744.71}","{'Open': 50448.28, 'High': 50737.03, 'Low': 50314.46, 'Close': 50722.18}"
2021-02-24 03:50:00,NO TRADES,"{'Open': 50674.0, 'High': 50868.34, 'Low': 50674.0, 'Close': 50800.91}","{'Open': 50709.08, 'High': 50894.51, 'Low': 50709.08, 'Close': 50812.04}","{'Open': 50763.43, 'High': 50900.83, 'Low': 50760.0, 'Close': 50835.27}","{'Open': 50744.72, 'High': 50927.11, 'Low': 50743.24, 'Close': 50865.49}","{'Open': 50785.95, 'High': 50934.91, 'Low': 50767.54, 'Close': 50852.72}","{'Open': 50730.0, 'High': 50893.25, 'Low': 50730.0, 'Close': 50835.25}","{'Open': 50736.03, 'High': 50895.67, 'Low': 50736.03, 'Close': 50812.9}","{'Open': 50752.5, 'High': 50902.0, 'Low': 50737.62, 'Close': 50820.0}","{'Open': 50776.39, 'High': 50875.96, 'Low': 50752.59, 'Close': 50835.85}","{'Open': 50745.76, 'High': 50886.8, 'Low': 50745.76, 'Close': 50827.8}"
2021-02-24 03:55:00,"{'Open': 50948.0, 'High': 50948.0, 'Low': 50948.0, 'Close': 50948.0}","{'Open': 50800.0, 'High': 51000.07, 'Low': 50800.0, 'Close': 50902.0}","{'Open': 50826.24, 'High': 50976.25, 'Low': 50801.79, 'Close': 50898.28}","{'Open': 50849.43, 'High': 50999.99, 'Low': 50849.43, 'Close': 50949.59}","{'Open': 50861.83, 'High': 50999.3, 'Low': 50861.83, 'Close': 50934.3}","{'Open': 50875.25, 'High': 51000.0, 'Low': 50825.32, 'Close': 50954.42}","{'Open': 50834.5, 'High': 50991.25, 'Low': 50834.5, 'Close': 50913.25}","{'Open': 50819.15, 'High': 50988.66, 'Low': 50819.15, 'Close': 50928.4}","{'Open': 50866.0, 'High': 50999.5, 'Low': 50866.0, 'Close': 50929.0}","{'Open': 50852.89, 'High': 50970.65, 'Low': 50844.01, 'Close': 50968.49}","{'Open': 50863.85, 'High': 51000.0, 'Low': 50834.55, 'Close': 50939.95}"
2021-02-24 04:00:00,"{'Open': 51019.92, 'High': 51019.92, 'Low': 51019.92, 'Close': 51019.92}","{'Open': 50901.0, 'High': 51096.91, 'Low': 50900.0, 'Close': 50988.0}","{'Open': 50919.02, 'High': 51109.4, 'Low': 50913.99, 'Close': 51043.06}","{'Open': 51000.0, 'High': 51155.6, 'Low': 50949.57, 'Close': 51060.71}","{'Open': 50934.55, 'High': 51172.6, 'Low': 50934.55, 'Close': 51044.22}","{'Open': 50943.71, 'High': 51137.92, 'Low': 50943.71, 'Close': 51059.78}","{'Open': 50913.25, 'High': 51117.25, 'Low': 50910.0, 'Close': 51024.62}","{'Open': 50926.6, 'High': 51112.06, 'Low': 50925.9, 'Close': 51033.8}","{'Open': 50940.12, 'High': 51145.5, 'Low': 50934.0, 'Close': 51056.0}","{'Open': 50962.95, 'High': 51115.87, 'Low': 50962.95, 'Close': 51037.94}","{'Open': 50937.52, 'High': 51129.97, 'Low': 50926.06, 'Close': 51037.69}"
2021-02-24 04:05:00,NO TRADES,"{'Open': 50990.33, 'High': 51200.0, 'Low': 50990.33, 'Close': 51145.0}","{'Open': 51036.3, 'High': 51264.86, 'Low': 51035.0, 'Close': 51207.48}","{'Open': 51064.63, 'High': 51267.85, 'Low': 51064.63, 'Close': 51207.82}","{'Open': 51043.56, 'High': 51273.51, 'Low': 51043.56, 'Close': 51224.43}","{'Open': 51087.27, 'High': 51282.67, 'Low': 51082.55, 'Close': 51194.91}","{'Open': 51035.25, 'High': 51246.5, 'Low': 51035.25, 'Close': 51196.5}","{'Open': 51033.9, 'High': 51245.9, 'Low': 51033.9, 'Close': 51214.0}","{'Open': 51126.5, 'High': 51244.0, 'Low': 51114.5, 'Close': 51205.5}","{'Open': 51095.4, 'High': 51251.56, 'Low': 51093.74, 'Close': 51195.76}","{'Open': 51048.73, 'High': 51252.89, 'Low': 51048.73, 'Close': 51224.99}"
2021-02-24 04:10:00,NO TRADES,"{'Open': 51147.4, 'High': 51292.0, 'Low': 51130.0, 'Close': 51271.0}","{'Open': 51215.88, 'High': 51329.43, 'Low': 51160.48, 'Close': 51304.63}","{'Open': 51236.91, 'High': 51332.54, 'Low': 51193.72, 'Close': 51332.54}","{'Open': 51221.93, 'High': 51343.86, 'Low': 51202.08, 'Close': 51312.63}","{'Open': 51236.77, 'High': 51335.07, 'Low': 51178.89, 'Close': 51311.65}","{'Open': 51195.0, 'High': 51313.12, 'Low': 51176.12, 'Close': 51297.75}","{'Open': 51199.48, 'High': 51310.0, 'Low': 51179.9, 'Close': 51305.52}","{'Open': 51192.0, 'High': 51313.0, 'Low': 51172.0, 'Close': 51313.0}","{'Open': 51202.15, 'High': 51287.04, 'Low': 51173.03, 'Close': 51272.29}","{'Open': 51231.42, 'High': 51341.03, 'Low': 51185.49, 'Close': 51300.0}"
2021-02-24 04:15:00,NO TRADES,"{'Open': 51291.72, 'High': 51353.0, 'Low': 50905.87, 'Close': 50972.0}","{'Open': 51306.19, 'High': 51399.11, 'Low': 50934.84, 'Close': 51005.96}","{'Open': 51334.77, 'High': 51382.63, 'Low': 50976.79, 'Close': 51026.35}","{'Open': 51317.4, 'High': 51397.56, 'Low': 50949.92, 'Close': 51022.62}","{'Open': 51311.65, 'High': 51387.91, 'Low': 50956.21, 'Close': 51009.15}","{'Open': 51313.25, 'High': 51391.5, 'Low': 50938.5, 'Close': 51012.75}","{'Open': 51310.0, 'High': 51392.0, 'Low': 50940.79, 'Close': 50993.6}","{'Open': 51366.5, 'High': 51409.0, 'Low': 50947.0, 'Close': 51006.25}","{'Open': 51379.63, 'High': 51379.63, 'Low': 50989.97, 'Close': 51007.99}","{'Open': 51318.92, 'High': 51391.36, 'Low': 50945.68, 'Close': 51010.06}"
2021-02-24 04:20:00,NO TRADES,"{'Open': 50985.0, 'High': 51140.0, 'Low': 50815.5, 'Close': 51008.0}","{'Open': 51005.71, 'High': 51169.74, 'Low': 50858.28, 'Close': 51019.11}","{'Open': 51036.48, 'High': 51150.86, 'Low': 50887.21, 'Close': 51016.36}","{'Open': 51013.98, 'High': 51164.92, 'Low': 50854.58, 'Close': 51056.15}","{'Open': 51008.07, 'High': 51179.47, 'Low': 50862.3, 'Close': 51091.15}","{'Open': 51005.0, 'High': 51159.75, 'Low': 50847.0, 'Close': 51017.25}","{'Open': 50993.7, 'High': 51131.15, 'Low': 50862.7, 'Close': 51039.4}","{'Open': 51012.75, 'High': 51115.5, 'Low': 50871.0, 'Close': 51059.0}","{'Open': 50993.12, 'High': 51047.27, 'Low': 50849.05, 'Close': 50991.68}","{'Open': 50996.89, 'High': 51152.44, 'Low': 50829.32, 'Close': 51020.05}"
2021-02-24 04:25:00,"{'Open': 50740.08, 'High': 50740.08, 'Low': 50740.08, 'Close': 50740.08}","{'Open': 51034.0, 'High': 51066.0, 'Low': 50649.0, 'Close': 50691.0}","{'Open': 51049.38, 'High': 51078.77, 'Low': 50689.38, 'Close': 50689.38}","{'Open': 51121.72, 'High': 51121.72, 'Low': 50721.7, 'Close': 50721.7}","{'Open': 51060.7, 'High': 51093.97, 'Low': 50701.7, 'Close': 50717.04}","{'Open': 51096.82, 'High': 51096.82, 'Low': 50692.16, 'Close': 50730.36}","{'Open': 51030.25, 'High': 51060.25, 'Low': 50696.5, 'Close': 50701.0}","{'Open': 51048.2, 'High': 51078.6, 'Low': 50722.0, 'Close': 50722.0}","{'Open': 51070.67, 'High': 51070.67, 'Low': 50707.0, 'Close': 50766.4}","{'Open': 50993.83, 'High': 51045.69, 'Low': 50676.36, 'Close': 50676.36}","{'Open': 51047.88, 'High': 51069.51, 'Low': 50689.07, 'Close': 50721.44}"
2021-02-24 04:30:00,NO TRADES,"{'Open': 50668.22, 'High': 50866.0, 'Low': 50647.5, 'Close': 50782.0}","{'Open': 50700.0, 'High': 50870.18, 'Low': 50666.51, 'Close': 50780.52}","{'Open': 50744.63, 'High': 50857.63, 'Low': 50702.55, 'Close': 50831.92}","{'Open': 50721.36, 'High': 50887.2, 'Low': 50658.83, 'Close': 50794.04}","{'Open': 50742.97, 'High': 50884.14, 'Low': 50680.8, 'Close': 50782.79}","{'Open': 50703.5, 'High': 50884.75, 'Low': 50667.0, 'Close': 50800.25}","{'Open': 50714.9, 'High': 50866.2, 'Low': 50688.66, 'Close': 50792.8}","{'Open': 50819.0, 'High': 50877.0, 'Low': 50686.0, 'Close': 50776.5}","{'Open': 50796.72, 'High': 50910.01, 'Low': 50705.38, 'Close': 50806.89}","{'Open': 50713.27, 'High': 50893.44, 'Low': 50668.94, 'Close': 50790.7}"
2021-02-24 04:35:00,NO TRADES,"{'Open': 50756.0, 'High': 50836.46, 'Low': 50587.46, 'Close': 50634.34}","{'Open': 50763.82, 'High': 50849.98, 'Low': 50618.22, 'Close': 50618.22}","{'Open': 50765.37, 'High': 50856.23, 'Low': 50642.28, 'Close': 50642.28}","{'Open': 50775.96, 'High': 50870.02, 'Low': 50634.18, 'Close': 50653.42}","{'Open': 50782.8, 'High': 50886.28, 'Low': 50641.49, 'Close': 50641.49}","{'Open': 50762.5, 'High': 50841.42, 'Low': 50618.25, 'Close': 50656.25}","{'Open': 50770.2, 'High': 50826.65, 'Low': 50632.77, 'Close': 50649.2}","{'Open': 50724.0, 'High': 50865.5, 'Low': 50639.0, 'Close': 50643.0}","{'Open': 50786.82, 'High': 50840.91, 'Low': 50636.77, 'Close': 50636.77}","{'Open': 50774.66, 'High': 50871.2, 'Low': 50617.65, 'Close': 50669.43}"
2021-02-24 04:40:00,NO TRADES,"{'Open': 50598.0, 'High': 50606.0, 'Low': 50349.92, 'Close': 50356.0}","{'Open': 50645.5, 'High': 50645.5, 'Low': 50349.55, 'Close': 50349.55}","{'Open': 50650.83, 'High': 50650.83, 'Low': 50400.0, 'Close': 50400.0}","{'Open': 50647.46, 'High': 50652.26, 'Low': 50358.54, 'Close': 50368.88}","{'Open': 50643.22, 'High': 50643.21, 'Low': 50350.01, 'Close': 50350.01}","{'Open': 50635.75, 'High': 50640.5, 'Low': 50376.0, 'Close': 50390.5}","{'Open': 50619.7, 'High': 50623.7, 'Low': 50353.35, 'Close': 50385.7}","{'Open': 50616.75, 'High': 50640.0, 'Low': 50353.25, 'Close': 50353.25}","{'Open': 50643.26, 'High': 50643.26, 'Low': 50365.76, 'Close': 50365.76}","{'Open': 50600.0, 'High': 50606.93, 'Low': 50362.09, 'Close': 50362.09}"
2021-02-24 04:45:00,NO TRADES,"{'Open': 50356.0, 'High': 50678.0, 'Low': 50356.0, 'Close': 50673.0}","{'Open': 50349.56, 'High': 50694.0, 'Low': 50349.56, 'Close': 50694.0}","{'Open': 50400.0, 'High': 50714.67, 'Low': 50400.0, 'Close': 50714.67}","{'Open': 50367.7, 'High': 50717.72, 'Low': 50366.96, 'Close': 50717.72}","{'Open': 50350.98, 'High': 50722.19, 'Low': 50350.98, 'Close': 50722.19}","{'Open': 50353.5, 'High': 50691.83, 'Low': 50353.5, 'Close': 50691.83}","{'Open': 50365.4, 'High': 50687.2, 'Low': 50365.4, 'Close': 50662.3}","{'Open': 50360.5, 'High': 50673.5, 'Low': 50360.5, 'Close': 50652.5}","{'Open': 50443.8, 'High': 50675.76, 'Low': 50443.79, 'Close': 50607.04}","{'Open': 50342.26, 'High': 50699.63, 'Low': 50342.26, 'Close': 50699.63}"
2021-02-24 04:50:00,NO TRADES,"{'Open': 50684.16, 'High': 50964.0, 'Low': 50678.0, 'Close': 50894.0}","{'Open': 50693.71, 'High': 50964.82, 'Low': 50678.79, 'Close': 50888.57}","{'Open': 50718.96, 'High': 51002.28, 'Low': 50708.74, 'Close': 50919.55}","{'Open': 50718.46, 'High': 50979.61, 'Low': 50697.28, 'Close': 50918.84}","{'Open': 50733.66, 'High': 50966.54, 'Low': 50684.19, 'Close': 50896.56}","{'Open': 50703.5, 'High': 50965.25, 'Low': 50679.75, 'Close': 50893.25}","{'Open': 50692.0, 'High': 50940.9, 'Low': 50686.5, 'Close': 50896.5}","{'Open': 50680.5, 'High': 50968.0, 'Low': 50679.25, 'Close': 50899.6}","{'Open': 50714.41, 'High': 50958.05, 'Low': 50714.41, 'Close': 50898.43}","{'Open': 50711.39, 'High': 50962.54, 'Low': 50711.39, 'Close': 50899.42}"
2021-02-24 04:55:00,NO TRADES,"{'Open': 50893.0, 'High': 50893.06, 'Low': 50572.31, 'Close': 50607.0}","{'Open': 50890.09, 'High': 50890.09, 'Low': 50616.04, 'Close': 50636.53}","{'Open': 50941.98, 'High': 50949.42, 'Low': 50657.29, 'Close': 50662.38}","{'Open': 50912.74, 'High': 50917.99, 'Low': 50641.72, 'Close': 50654.12}","{'Open': 50898.68, 'High': 50912.22, 'Low': 50645.41, 'Close': 50645.41}","{'Open': 50893.75, 'High': 50900.0, 'Low': 50631.0, 'Close': 50650.5}","{'Open': 50899.9, 'High': 50899.9, 'Low': 50633.76, 'Close': 50635.3}","{'Open': 50876.56, 'High': 50876.56, 'Low': 50628.5, 'Close': 50628.5}","{'Open': 50900.97, 'High': 50903.62, 'Low': 50666.0, 'Close': 50666.0}","{'Open': 50904.48, 'High': 50920.37, 'Low': 50640.0, 'Close': 50650.54}"
2021-02-24 05:00:00,NO TRADES,"{'Open': 50611.0, 'High': 50904.0, 'Low': 50611.0, 'Close': 50884.0}","{'Open': 50656.06, 'High': 50914.05, 'Low': 50656.06, 'Close': 50885.24}","{'Open': 50676.45, 'High': 50956.67, 'Low': 50676.45, 'Close': 50920.03}","{'Open': 50655.08, 'High': 50915.08, 'Low': 50655.08, 'Close': 50884.56}","{'Open': 50713.91, 'High': 50900.0, 'Low': 50713.91, 'Close': 50876.0}","{'Open': 50656.5, 'High': 50922.75, 'Low': 50656.5, 'Close': 50896.75}","{'Open': 50647.5, 'High': 50920.45, 'Low': 50647.5, 'Close': 50900.0}","{'Open': 50761.3, 'High': 50920.5, 'Low': 50720.5, 'Close': 50887.5}","{'Open': 50721.28, 'High': 50918.46, 'Low': 50721.28, 'Close': 50918.46}","{'Open': 50665.34, 'High': 50929.36, 'Low': 50665.34, 'Close': 50892.18}"
2021-02-24 05:05:00,NO TRADES,"{'Open': 50884.0, 'High': 51062.75, 'Low': 50861.0, 'Close': 50932.0}","{'Open': 50885.24, 'High': 51026.61, 'Low': 50880.0, 'Close': 50983.85}","{'Open': 50927.69, 'High': 51030.52, 'Low': 50927.69, 'Close': 51000.0}","{'Open': 50884.56, 'High': 51025.09, 'Low': 50872.5, 'Close': 50939.88}","{'Open': 50894.94, 'High': 51014.44, 'Low': 50880.51, 'Close': 50971.58}","{'Open': 50920.0, 'High': 51044.5, 'Low': 50867.25, 'Close': 50973.75}","{'Open': 50900.1, 'High': 51046.25, 'Low': 50875.8, 'Close': 50955.6}","{'Open': 50918.0, 'High': 51032.5, 'Low': 50865.0, 'Close': 50959.0}","{'Open': 50935.35, 'High': 51044.41, 'Low': 50901.26, 'Close': 50931.5}","{'Open': 50916.63, 'High': 51039.0, 'Low': 50883.28, 'Close': 50932.86}"
2021-02-24 05:10:00,NO TRADES,"{'Open': 50900.0, 'High': 50900.0, 'Low': 50631.0, 'Close': 50631.0}","{'Open': 50936.29, 'High': 50936.29, 'Low': 50605.02, 'Close': 50667.33}","{'Open': 51000.0, 'High': 51000.0, 'Low': 50717.27, 'Close': 50736.63}","{'Open': 50943.08, 'High': 50950.4, 'Low': 50648.15, 'Close': 50648.4}","{'Open': 50971.56, 'High': 50971.56, 'Low': 50643.94, 'Close': 50643.94}","{'Open': 50938.5, 'High': 50946.5, 'Low': 50649.88, 'Close': 50653.25}","{'Open': 50946.1, 'High': 50946.1, 'Low': 50672.07, 'Close': 50672.07}","{'Open': 50936.75, 'High': 50945.5, 'Low': 50657.0, 'Close': 50705.0}","{'Open': 50945.66, 'High': 50945.66, 'Low': 50691.9, 'Close': 50691.9}","{'Open': 50889.31, 'High': 50915.86, 'Low': 50643.29, 'Close': 50675.36}"
2021-02-24 05:15:00,NO TRADES,"{'Open': 50625.5, 'High': 50625.5, 'Low': 50192.0, 'Close': 50193.0}","{'Open': 50619.56, 'High': 50619.56, 'Low': 50220.06, 'Close': 50243.87}","{'Open': 50706.05, 'High': 50706.05, 'Low': 50275.01, 'Close': 50275.75}","{'Open': 50636.78, 'High': 50636.78, 'Low': 50223.4, 'Close': 50237.08}","{'Open': 50657.54, 'High': 50657.54, 'Low': 50226.67, 'Close': 50226.67}","{'Open': 50648.5, 'High': 50648.5, 'Low': 50248.5, 'Close': 50248.5}","{'Open': 50672.05, 'High': 50672.05, 'Low': 50239.28, 'Close': 50256.2}","{'Open': 50649.0, 'High': 50649.0, 'Low': 50225.0, 'Close': 50232.0}","{'Open': 50640.52, 'High': 50640.52, 'Low': 50257.74, 'Close': 50257.74}","{'Open': 50636.09, 'High': 50636.09, 'Low': 50222.99, 'Close': 50242.24}"
2021-02-24 05:20:00,NO TRADES,"{'Open': 50192.0, 'High': 50385.0, 'Low': 49997.28, 'Close': 50094.0}","{'Open': 50248.08, 'High': 50407.26, 'Low': 49986.0, 'Close': 50112.38}","{'Open': 50275.75, 'High': 50427.59, 'Low': 50011.97, 'Close': 50148.72}","{'Open': 50234.45, 'High': 50409.36, 'Low': 49992.83, 'Close': 50137.31}","{'Open': 50238.22, 'High': 50400.55, 'Low': 50007.01, 'Close': 50117.38}","{'Open': 50269.62, 'High': 50450.25, 'Low': 50016.0, 'Close': 50107.75}","{'Open': 50244.53, 'High': 50398.25, 'Low': 50022.5, 'Close': 50100.8}","{'Open': 50222.5, 'High': 50403.0, 'Low': 50028.5, 'Close': 50074.0}","{'Open': 50359.72, 'High': 50359.72, 'Low': 50019.98, 'Close': 50128.57}","{'Open': 50236.46, 'High': 50415.63, 'Low': 50000.0, 'Close': 50081.47}"
2021-02-24 05:25:00,NO TRADES,"{'Open': 50094.0, 'High': 50385.78, 'Low': 49971.54, 'Close': 50371.0}","{'Open': 50127.85, 'High': 50409.28, 'Low': 50049.56, 'Close': 50398.29}","{'Open': 50159.72, 'High': 50406.68, 'Low': 50066.4, 'Close': 50406.68}","{'Open': 50152.82, 'High': 50436.34, 'Low': 50055.43, 'Close': 50394.38}","{'Open': 50139.08, 'High': 50420.46, 'Low': 50051.37, 'Close': 50406.91}","{'Open': 50107.75, 'High': 50414.25, 'Low': 50056.5, 'Close': 50414.0}","{'Open': 50150.3, 'High': 50413.8, 'Low': 50074.7, 'Close': 50406.6}","{'Open': 50138.5, 'High': 50377.5, 'Low': 50128.25, 'Close': 50377.5}","{'Open': 50215.86, 'High': 50432.42, 'Low': 50087.42, 'Close': 50432.42}","{'Open': 50154.16, 'High': 50416.56, 'Low': 50057.71, 'Close': 50396.77}"
2021-02-24 05:30:00,NO TRADES,"{'Open': 50342.0, 'High': 50354.5, 'Low': 50183.0, 'Close': 50279.7}","{'Open': 50382.74, 'High': 50402.07, 'Low': 50198.19, 'Close': 50302.58}","{'Open': 50416.47, 'High': 50416.47, 'Low': 50258.1, 'Close': 50314.05}","{'Open': 50394.38, 'High': 50398.37, 'Low': 50208.57, 'Close': 50310.8}","{'Open': 50378.51, 'High': 50402.99, 'Low': 50202.82, 'Close': 50319.9}","{'Open': 50402.06, 'High': 50402.06, 'Low': 50222.75, 'Close': 50308.0}","{'Open': 50400.3, 'High': 50400.3, 'Low': 50225.03, 'Close': 50306.7}","{'Open': 50379.0, 'High': 50385.96, 'Low': 50246.0, 'Close': 50275.5}","{'Open': 50400.81, 'High': 50400.81, 'Low': 50251.47, 'Close': 50319.74}","{'Open': 50379.76, 'High': 50385.93, 'Low': 50200.67, 'Close': 50278.72}"
2021-02-24 05:35:00,NO TRADES,"{'Open': 50272.41, 'High': 50489.85, 'Low': 50229.0, 'Close': 50445.32}","{'Open': 50280.44, 'High': 50503.05, 'Low': 50259.66, 'Close': 50485.77}","{'Open': 50311.22, 'High': 50542.15, 'Low': 50271.4, 'Close': 50505.12}","{'Open': 50301.16, 'High': 50525.63, 'Low': 50256.38, 'Close': 50502.98}","{'Open': 50314.61, 'High': 50513.79, 'Low': 50261.74, 'Close': 50502.05}","{'Open': 50314.5, 'High': 50542.75, 'Low': 50271.0, 'Close': 50508.5}","{'Open': 50313.4, 'High': 50529.35, 'Low': 50281.4, 'Close': 50499.9}","{'Open': 50299.5, 'High': 50543.5, 'Low': 50258.5, 'Close': 50496.5}","{'Open': 50370.73, 'High': 50539.71, 'Low': 50370.73, 'Close': 50535.33}","{'Open': 50317.81, 'High': 50539.0, 'Low': 50249.29, 'Close': 50504.46}"
2021-02-24 05:40:00,NO TRADES,"{'Open': 50454.0, 'High': 50499.31, 'Low': 50242.0, 'Close': 50368.0}","{'Open': 50485.76, 'High': 50525.03, 'Low': 50265.86, 'Close': 50381.24}","{'Open': 50509.34, 'High': 50547.73, 'Low': 50336.92, 'Close': 50400.3}","{'Open': 50501.32, 'High': 50553.95, 'Low': 50277.83, 'Close': 50403.99}","{'Open': 50502.05, 'High': 50546.71, 'Low': 50271.4, 'Close': 50421.82}","{'Open': 50513.0, 'High': 50552.25, 'Low': 50302.25, 'Close': 50427.5}","{'Open': 50499.9, 'High': 50537.2, 'Low': 50308.9, 'Close': 50436.6}","{'Open': 50496.5, 'High': 50532.0, 'Low': 50277.5, 'Close': 50396.0}","{'Open': 50532.3, 'High': 50532.3, 'Low': 50304.56, 'Close': 50421.0}","{'Open': 50495.6, 'High': 50552.88, 'Low': 50283.4, 'Close': 50432.09}"
2021-02-24 05:45:00,NO TRADES,"{'Open': 50387.31, 'High': 50481.6, 'Low': 50229.0, 'Close': 50265.5}","{'Open': 50393.29, 'High': 50499.99, 'Low': 50258.63, 'Close': 50258.63}","{'Open': 50429.08, 'High': 50543.62, 'Low': 50302.96, 'Close': 50324.73}","{'Open': 50411.33, 'High': 50521.1, 'Low': 50271.29, 'Close': 50277.68}","{'Open': 50415.05, 'High': 50521.38, 'Low': 50256.96, 'Close': 50294.29}","{'Open': 50431.25, 'High': 50539.88, 'Low': 50299.5, 'Close': 50322.0}","{'Open': 50427.6, 'High': 50538.7, 'Low': 50300.0, 'Close': 50300.1}","{'Open': 50411.77, 'High': 50528.0, 'Low': 50315.0, 'Close': 50315.0}","{'Open': 50465.0, 'High': 50484.32, 'Low': 50322.53, 'Close': 50322.53}","{'Open': 50442.95, 'High': 50531.77, 'Low': 50277.65, 'Close': 50281.02}"
2021-02-24 05:50:00,NO TRADES,"{'Open': 50241.0, 'High': 50429.77, 'Low': 50220.8, 'Close': 50295.0}","{'Open': 50252.61, 'High': 50487.93, 'Low': 50241.04, 'Close': 50351.54}","{'Open': 50294.07, 'High': 50494.82, 'Low': 50291.02, 'Close': 50412.41}","{'Open': 50283.63, 'High': 50474.94, 'Low': 50250.16, 'Close': 50347.61}","{'Open': 50287.38, 'High': 50487.86, 'Low': 50262.25, 'Close': 50363.52}","{'Open': 50288.75, 'High': 50494.25, 'Low': 50277.75, 'Close': 50413.75}","{'Open': 50300.1, 'High': 50488.6, 'Low': 50271.65, 'Close': 50357.75}","{'Open': 50265.0, 'High': 50449.62, 'Low': 50265.0, 'Close': 50359.62}","{'Open': 50300.67, 'High': 50504.78, 'Low': 50300.67, 'Close': 50382.75}","{'Open': 50294.32, 'High': 50488.95, 'Low': 50249.33, 'Close': 50375.81}"
2021-02-24 05:55:00,NO TRADES,"{'Open': 50299.0, 'High': 50380.94, 'Low': 50124.7, 'Close': 50166.0}","{'Open': 50345.24, 'High': 50429.55, 'Low': 50217.25, 'Close': 50217.25}","{'Open': 50392.68, 'High': 50457.96, 'Low': 50240.6, 'Close': 50246.58}","{'Open': 50348.14, 'High': 50439.22, 'Low': 50198.34, 'Close': 50225.89}","{'Open': 50339.38, 'High': 50433.34, 'Low': 50203.05, 'Close': 50212.6}","{'Open': 50358.25, 'High': 50444.25, 'Low': 50209.0, 'Close': 50234.5}","{'Open': 50354.3, 'High': 50441.8, 'Low': 50204.5, 'Close': 50204.8}","{'Open': 50303.0, 'High': 50438.0, 'Low': 50236.5, 'Close': 50236.5}","{'Open': 50372.03, 'High': 50419.24, 'Low': 50226.92, 'Close': 50250.84}","{'Open': 50357.04, 'High': 50453.71, 'Low': 50200.0, 'Close': 50245.64}"
2021-02-24 06:00:00,NO TRADES,"{'Open': 50167.0, 'High': 50532.4, 'Low': 50161.67, 'Close': 50472.0}","{'Open': 50211.36, 'High': 50543.0, 'Low': 50211.36, 'Close': 50497.99}","{'Open': 50232.1, 'High': 50580.8, 'Low': 50225.19, 'Close': 50554.12}","{'Open': 50234.41, 'High': 50574.29, 'Low': 50207.8, 'Close': 50530.49}","{'Open': 50253.37, 'High': 50575.26, 'Low': 50253.37, 'Close': 50512.45}","{'Open': 50248.25, 'High': 50587.75, 'Low': 50232.75, 'Close': 50526.0}","{'Open': 50235.4, 'High': 50581.9, 'Low': 50235.4, 'Close': 50555.9}","{'Open': 50225.5, 'High': 50573.5, 'Low': 50225.5, 'Close': 50532.5}","{'Open': 50493.24, 'High': 50605.98, 'Low': 50483.83, 'Close': 50576.92}","{'Open': 50262.87, 'High': 50589.54, 'Low': 50223.01, 'Close': 50560.59}"
2021-02-24 06:05:00,NO TRADES,"{'Open': 50480.0, 'High': 50638.67, 'Low': 50400.76, 'Close': 50454.53}","{'Open': 50499.21, 'High': 50678.4, 'Low': 50412.8, 'Close': 50502.05}","{'Open': 50532.71, 'High': 50699.1, 'Low': 50455.2, 'Close': 50501.09}","{'Open': 50518.69, 'High': 50689.14, 'Low': 50427.39, 'Close': 50494.52}","{'Open': 50566.52, 'High': 50702.67, 'Low': 50430.37, 'Close': 50509.41}","{'Open': 50523.0, 'High': 50687.75, 'Low': 50441.88, 'Close': 50478.25}","{'Open': 50555.9, 'High': 50688.9, 'Low': 50449.6, 'Close': 50505.0}","{'Open': 50543.5, 'High': 50691.0, 'Low': 50421.5, 'Close': 50424.0}","{'Open': 50585.11, 'High': 50654.01, 'Low': 50487.17, 'Close': 50487.17}","{'Open': 50525.96, 'High': 50693.6, 'Low': 50430.29, 'Close': 50480.76}"
2021-02-24 06:10:00,"{'Open': 50050.8, 'High': 50050.8, 'Low': 49656.52, 'Close': 49656.52}","{'Open': 50457.81, 'High': 50509.0, 'Low': 49525.38, 'Close': 49704.0}","{'Open': 50502.05, 'High': 50552.93, 'Low': 49599.36, 'Close': 49773.22}","{'Open': 50519.0, 'High': 50561.35, 'Low': 49624.92, 'Close': 49755.99}","{'Open': 50494.78, 'High': 50552.18, 'Low': 49614.93, 'Close': 49731.67}","{'Open': 50539.36, 'High': 50557.9, 'Low': 49613.19, 'Close': 49724.97}","{'Open': 50554.0, 'High': 50562.0, 'Low': 49644.75, 'Close': 49801.0}","{'Open': 50513.9, 'High': 50575.27, 'Low': 49625.15, 'Close': 49757.6}","{'Open': 50549.0, 'High': 50572.5, 'Low': 49582.5, 'Close': 49715.25}","{'Open': 50578.71, 'High': 50583.69, 'Low': 49675.29, 'Close': 49818.13}","{'Open': 50502.22, 'High': 50571.79, 'Low': 49611.18, 'Close': 49738.4}"
2021-02-24 06:15:00,NO TRADES,"{'Open': 49704.0, 'High': 49862.0, 'Low': 49370.18, 'Close': 49636.75}","{'Open': 49749.44, 'High': 49919.6, 'Low': 49462.65, 'Close': 49692.0}","{'Open': 49708.59, 'High': 49918.65, 'Low': 49504.61, 'Close': 49713.24}","{'Open': 49729.75, 'High': 49917.8, 'Low': 49454.42, 'Close': 49698.34}","{'Open': 49735.0, 'High': 49923.68, 'Low': 49456.29, 'Close': 49691.88}","{'Open': 49697.75, 'High': 49924.06, 'Low': 49500.25, 'Close': 49676.25}","{'Open': 49732.85, 'High': 49923.9, 'Low': 49439.92, 'Close': 49688.71}","{'Open': 49645.0, 'High': 49890.5, 'Low': 49478.0, 'Close': 49734.0}","{'Open': 49716.96, 'High': 49922.48, 'Low': 49496.23, 'Close': 49643.78}","{'Open': 49689.48, 'High': 49936.2, 'Low': 49461.16, 'Close': 49716.28}"
2021-02-24 06:20:00,NO TRADES,"{'Open': 49631.62, 'High': 50056.79, 'Low': 49532.3, 'Close': 50050.0}","{'Open': 49667.24, 'High': 50089.8, 'Low': 49583.39, 'Close': 50050.48}","{'Open': 49702.15, 'High': 50157.62, 'Low': 49598.84, 'Close': 50102.84}","{'Open': 49704.0, 'High': 50137.05, 'Low': 49583.49, 'Close': 50121.12}","{'Open': 49704.12, 'High': 50123.66, 'Low': 49568.99, 'Close': 50096.25}","{'Open': 49714.0, 'High': 50142.0, 'Low': 49597.0, 'Close': 50117.5}","{'Open': 49719.62, 'High': 50115.2, 'Low': 49578.2, 'Close': 50100.0}","{'Open': 49700.75, 'High': 50136.0, 'Low': 49584.0, 'Close': 50128.0}","{'Open': 49665.26, 'High': 50176.86, 'Low': 49605.44, 'Close': 50099.25}","{'Open': 49730.34, 'High': 50139.0, 'Low': 49592.31, 'Close': 50127.0}"
2021-02-24 06:25:00,NO TRADES,"{'Open': 50054.0, 'High': 50054.0, 'Low': 49455.38, 'Close': 49598.0}","{'Open': 50089.5, 'High': 50089.5, 'Low': 49555.1, 'Close': 49692.25}","{'Open': 50077.45, 'High': 50097.1, 'Low': 49653.23, 'Close': 49653.23}","{'Open': 50108.23, 'High': 50108.23, 'Low': 49596.28, 'Close': 49661.64}","{'Open': 50078.67, 'High': 50078.67, 'Low': 49606.04, 'Close': 49606.04}","{'Open': 50103.25, 'High': 50140.75, 'Low': 49633.0, 'Close': 49668.5}","{'Open': 50104.4, 'High': 50104.4, 'Low': 49608.7, 'Close': 49633.0}","{'Open': 50111.0, 'High': 50111.0, 'Low': 49643.8, 'Close': 49677.5}","{'Open': 50068.34, 'High': 50083.86, 'Low': 49671.0, 'Close': 49738.74}","{'Open': 50101.89, 'High': 50106.94, 'Low': 49628.23, 'Close': 49688.98}"
2021-02-24 06:30:00,NO TRADES,"{'Open': 49596.0, 'High': 49850.75, 'Low': 49546.5, 'Close': 49740.0}","{'Open': 49674.54, 'High': 49878.14, 'Low': 49571.07, 'Close': 49756.42}","{'Open': 49644.43, 'High': 49935.45, 'Low': 49644.43, 'Close': 49830.99}","{'Open': 49645.01, 'High': 49922.2, 'Low': 49589.2, 'Close': 49810.57}","{'Open': 49642.27, 'High': 49907.85, 'Low': 49598.39, 'Close': 49781.67}","{'Open': 49687.25, 'High': 49934.5, 'Low': 49619.0, 'Close': 49783.5}","{'Open': 49647.4, 'High': 49918.3, 'Low': 49610.7, 'Close': 49796.35}","{'Open': 49644.5, 'High': 49910.0, 'Low': 49589.5, 'Close': 49811.5}","{'Open': 49689.23, 'High': 49921.79, 'Low': 49632.83, 'Close': 49798.32}","{'Open': 49673.99, 'High': 49951.94, 'Low': 49620.0, 'Close': 49826.75}"
2021-02-24 06:35:00,NO TRADES,"{'Open': 49752.86, 'High': 49829.23, 'Low': 49530.47, 'Close': 49794.0}","{'Open': 49771.05, 'High': 49856.69, 'Low': 49594.52, 'Close': 49856.69}","{'Open': 49807.22, 'High': 49885.84, 'Low': 49640.53, 'Close': 49873.57}","{'Open': 49796.73, 'High': 49891.04, 'Low': 49551.5, 'Close': 49865.62}","{'Open': 49765.01, 'High': 49877.57, 'Low': 49546.79, 'Close': 49865.91}","{'Open': 49840.88, 'High': 49903.75, 'Low': 49602.12, 'Close': 49888.25}","{'Open': 49800.45, 'High': 49890.05, 'Low': 49597.9, 'Close': 49861.5}","{'Open': 49678.62, 'High': 49901.5, 'Low': 49599.5, 'Close': 49869.0}","{'Open': 49812.67, 'High': 49885.2, 'Low': 49608.92, 'Close': 49885.2}","{'Open': 49814.68, 'High': 49906.52, 'Low': 49575.0, 'Close': 49876.14}"
2021-02-24 06:40:00,"{'Open': 49923.2, 'High': 49981.91, 'Low': 49923.2, 'Close': 49944.75}","{'Open': 49806.5, 'High': 49991.16, 'Low': 49676.45, 'Close': 49991.16}","{'Open': 49852.34, 'High': 49999.99, 'Low': 49706.01, 'Close': 50000.0}","{'Open': 49870.86, 'High': 49993.11, 'Low': 49755.51, 'Close': 49986.45}","{'Open': 49864.8, 'High': 50037.4, 'Low': 49719.75, 'Close': 50037.4}","{'Open': 49854.21, 'High': 50073.43, 'Low': 49716.4, 'Close': 50036.24}","{'Open': 49880.5, 'High': 50023.5, 'Low': 49790.5, 'Close': 50021.0}","{'Open': 49858.6, 'High': 50055.3, 'Low': 49770.8, 'Close': 50055.3}","{'Open': 49848.0, 'High': 50069.0, 'Low': 49774.0, 'Close': 50069.0}","{'Open': 49875.79, 'High': 50051.65, 'Low': 49753.24, 'Close': 50051.65}","{'Open': 49864.78, 'High': 50045.44, 'Low': 49748.36, 'Close': 50045.44}"
2021-02-24 06:45:00,"{'Open': 50016.68, 'High': 50018.9, 'Low': 50016.68, 'Close': 50018.9}","{'Open': 49989.0, 'High': 50338.0, 'Low': 49962.0, 'Close': 50148.0}","{'Open': 50000.0, 'High': 50443.67, 'Low': 49996.99, 'Close': 50165.44}","{'Open': 50039.88, 'High': 50400.0, 'Low': 50028.85, 'Close': 50233.94}","{'Open': 50028.24, 'High': 50400.0, 'Low': 50009.42, 'Close': 50232.33}","{'Open': 50053.36, 'High': 50415.88, 'Low': 50037.22, 'Close': 50204.83}","{'Open': 50040.0, 'High': 50419.75, 'Low': 50040.0, 'Close': 50221.25}","{'Open': 50052.6, 'High': 50386.1, 'Low': 50008.11, 'Close': 50227.3}","{'Open': 50044.5, 'High': 50389.5, 'Low': 50012.0, 'Close': 50186.75}","{'Open': 50034.55, 'High': 50423.11, 'Low': 50034.55, 'Close': 50223.36}","{'Open': 50058.52, 'High': 50385.57, 'Low': 50007.59, 'Close': 50192.22}"
2021-02-24 06:50:00,"{'Open': 50018.9, 'High': 50018.9, 'Low': 50018.9, 'Close': 50018.9}","{'Open': 50161.5, 'High': 50161.5, 'Low': 49884.0, 'Close': 49937.0}","{'Open': 50189.36, 'High': 50189.36, 'Low': 49924.43, 'Close': 49931.89}","{'Open': 50186.37, 'High': 50186.37, 'Low': 49950.49, 'Close': 49983.61}","{'Open': 50233.53, 'High': 50233.53, 'Low': 49935.56, 'Close': 49988.9}","{'Open': 50205.62, 'High': 50205.61, 'Low': 49939.33, 'Close': 49992.41}","{'Open': 50262.75, 'High': 50262.75, 'Low': 49980.25, 'Close': 50014.25}","{'Open': 50238.4, 'High': 50238.4, 'Low': 49957.71, 'Close': 49967.19}","{'Open': 50137.5, 'High': 50141.5, 'Low': 49931.0, 'Close': 49971.5}","{'Open': 50152.63, 'High': 50183.35, 'Low': 49929.15, 'Close': 49929.15}","{'Open': 50239.0, 'High': 50239.01, 'Low': 49933.88, 'Close': 49998.27}"
2021-02-24 06:55:00,NO TRADES,"{'Open': 49910.0, 'High': 50098.57, 'Low': 49870.14, 'Close': 50034.0}","{'Open': 49943.61, 'High': 50146.05, 'Low': 49943.61, 'Close': 50093.88}","{'Open': 49957.94, 'High': 50144.01, 'Low': 49957.94, 'Close': 50119.51}","{'Open': 49972.1, 'High': 50138.8, 'Low': 49940.07, 'Close': 50098.57}","{'Open': 49978.47, 'High': 50176.44, 'Low': 49957.97, 'Close': 50140.49}","{'Open': 49997.25, 'High': 50169.25, 'Low': 49962.25, 'Close': 50104.75}","{'Open': 49949.38, 'High': 50148.2, 'Low': 49948.4, 'Close': 50110.2}","{'Open': 49965.75, 'High': 50139.0, 'Low': 49958.5, 'Close': 50096.0}","{'Open': 50013.24, 'High': 50128.71, 'Low': 50013.24, 'Close': 50104.04}","{'Open': 49965.18, 'High': 50147.02, 'Low': 49965.18, 'Close': 50109.14}"
2021-02-24 07:00:00,NO TRADES,"{'Open': 50035.0, 'High': 50113.44, 'Low': 49872.49, 'Close': 49956.0}","{'Open': 50091.48, 'High': 50140.69, 'Low': 49924.43, 'Close': 50009.29}","{'Open': 50114.94, 'High': 50173.29, 'Low': 49959.89, 'Close': 50038.66}","{'Open': 50093.76, 'High': 50164.93, 'Low': 49931.14, 'Close': 50002.78}","{'Open': 50125.63, 'High': 50183.63, 'Low': 49940.55, 'Close': 50011.85}","{'Open': 50104.75, 'High': 50199.25, 'Low': 49960.25, 'Close': 50049.5}","{'Open': 50110.2, 'High': 50175.25, 'Low': 49961.1, 'Close': 50023.0}","{'Open': 50099.75, 'High': 50182.5, 'Low': 49938.19, 'Close': 50011.0}","{'Open': 50206.4, 'High': 50206.4, 'Low': 50035.1, 'Close': 50035.1}","{'Open': 50095.36, 'High': 50166.46, 'Low': 49940.0, 'Close': 50000.0}"
2021-02-24 07:05:00,NO TRADES,"{'Open': 49956.0, 'High': 50032.62, 'Low': 49682.0, 'Close': 49763.0}","{'Open': 50018.26, 'High': 50074.59, 'Low': 49725.01, 'Close': 49808.64}","{'Open': 50039.89, 'High': 50117.45, 'Low': 49757.58, 'Close': 49856.88}","{'Open': 50014.33, 'High': 50089.99, 'Low': 49731.06, 'Close': 49821.73}","{'Open': 50034.07, 'High': 50075.8, 'Low': 49727.12, 'Close': 49820.62}","{'Open': 50032.5, 'High': 50045.25, 'Low': 49777.0, 'Close': 49840.75}","{'Open': 50023.1, 'High': 50099.4, 'Low': 49755.8, 'Close': 49829.2}","{'Open': 50022.0, 'High': 50105.0, 'Low': 49725.17, 'Close': 49844.5}","{'Open': 50021.51, 'High': 50115.49, 'Low': 49787.87, 'Close': 49858.7}","{'Open': 50027.74, 'High': 50084.83, 'Low': 49733.61, 'Close': 49838.41}"
2021-02-24 07:10:00,NO TRADES,"{'Open': 49759.17, 'High': 49789.0, 'Low': 49483.15, 'Close': 49483.15}","{'Open': 49808.6, 'High': 49833.15, 'Low': 49549.17, 'Close': 49599.95}","{'Open': 49813.2, 'High': 49864.33, 'Low': 49570.91, 'Close': 49587.97}","{'Open': 49821.62, 'High': 49841.64, 'Low': 49540.27, 'Close': 49552.28}","{'Open': 49817.43, 'High': 49889.83, 'Low': 49539.91, 'Close': 49554.32}","{'Open': 49840.0, 'High': 49855.0, 'Low': 49555.25, 'Close': 49609.5}","{'Open': 49829.1, 'High': 49854.4, 'Low': 49548.6, 'Close': 49562.27}","{'Open': 49729.05, 'High': 49849.5, 'Low': 49589.5, 'Close': 49589.5}","{'Open': 49861.52, 'High': 49861.52, 'Low': 49567.23, 'Close': 49567.23}","{'Open': 49806.43, 'High': 49858.56, 'Low': 49559.06, 'Close': 49559.06}"
2021-02-24 07:15:00,"{'Open': 49680.1, 'High': 49680.1, 'Low': 49680.1, 'Close': 49680.1}","{'Open': 49476.5, 'High': 49780.0, 'Low': 49476.28, 'Close': 49639.0}","{'Open': 49531.0, 'High': 49817.94, 'Low': 49512.41, 'Close': 49695.97}","{'Open': 49587.64, 'High': 49831.43, 'Low': 49586.01, 'Close': 49718.12}","{'Open': 49543.18, 'High': 49855.84, 'Low': 49528.18, 'Close': 49705.02}","{'Open': 49555.28, 'High': 49872.38, 'Low': 49553.0, 'Close': 49705.2}","{'Open': 49580.12, 'High': 49860.75, 'Low': 49567.5, 'Close': 49771.44}","{'Open': 49556.2, 'High': 49861.1, 'Low': 49556.2, 'Close': 49711.13}","{'Open': 49574.0, 'High': 49878.5, 'Low': 49566.0, 'Close': 49736.0}","{'Open': 49629.96, 'High': 49818.86, 'Low': 49568.9, 'Close': 49754.05}","{'Open': 49539.4, 'High': 49854.06, 'Low': 49531.41, 'Close': 49717.12}"
2021-02-24 07:20:00,NO TRADES,"{'Open': 49658.0, 'High': 49975.0, 'Low': 49658.0, 'Close': 49905.63}","{'Open': 49746.21, 'High': 49999.46, 'Low': 49733.43, 'Close': 49927.62}","{'Open': 49710.76, 'High': 50019.55, 'Low': 49710.76, 'Close': 49970.96}","{'Open': 49724.69, 'High': 50034.86, 'Low': 49720.27, 'Close': 49974.05}","{'Open': 49793.21, 'High': 50044.49, 'Low': 49793.21, 'Close': 49976.32}","{'Open': 49780.0, 'High': 50048.0, 'Low': 49780.0, 'Close': 49989.75}","{'Open': 49753.4, 'High': 50031.87, 'Low': 49753.4, 'Close': 49980.7}","{'Open': 49752.0, 'High': 50053.5, 'Low': 49749.0, 'Close': 49959.5}","{'Open': 49789.84, 'High': 50034.0, 'Low': 49789.84, 'Close': 49979.49}","{'Open': 49715.34, 'High': 50045.96, 'Low': 49715.34, 'Close': 49972.69}"
2021-02-24 07:25:00,NO TRADES,"{'Open': 49916.0, 'High': 49928.0, 'Low': 49582.13, 'Close': 49626.0}","{'Open': 49948.94, 'High': 49948.94, 'Low': 49586.49, 'Close': 49673.11}","{'Open': 49970.96, 'High': 49974.27, 'Low': 49640.01, 'Close': 49693.54}","{'Open': 49974.05, 'High': 49989.17, 'Low': 49600.51, 'Close': 49696.16}","{'Open': 49989.18, 'High': 49989.18, 'Low': 49616.8, 'Close': 49679.13}","{'Open': 50013.5, 'High': 50013.5, 'Low': 49663.38, 'Close': 49691.12}","{'Open': 49983.8, 'High': 49983.8, 'Low': 49606.13, 'Close': 49682.33}","{'Open': 49999.0, 'High': 49999.0, 'Low': 49587.0, 'Close': 49678.5}","{'Open': 49994.08, 'High': 50012.92, 'Low': 49669.57, 'Close': 49739.65}","{'Open': 49997.75, 'High': 50004.09, 'Low': 49637.44, 'Close': 49702.15}"
2021-02-24 07:30:00,NO TRADES,"{'Open': 49659.0, 'High': 49995.25, 'Low': 49659.0, 'Close': 49895.44}","{'Open': 49712.98, 'High': 50000.0, 'Low': 49712.98, 'Close': 49933.55}","{'Open': 49717.74, 'High': 50025.17, 'Low': 49717.75, 'Close': 49985.67}","{'Open': 49700.91, 'High': 50043.38, 'Low': 49700.91, 'Close': 49972.35}","{'Open': 49711.15, 'High': 50034.96, 'Low': 49711.15, 'Close': 49981.82}","{'Open': 49713.25, 'High': 50055.5, 'Low': 49713.25, 'Close': 50019.38}","{'Open': 49700.0, 'High': 50036.76, 'Low': 49700.0, 'Close': 49997.5}","{'Open': 49720.0, 'High': 50068.77, 'Low': 49720.0, 'Close': 50000.0}","{'Open': 49801.05, 'High': 50068.23, 'Low': 49801.05, 'Close': 49986.7}","{'Open': 49712.25, 'High': 50075.73, 'Low': 49712.25, 'Close': 49983.09}"
2021-02-24 07:35:00,NO TRADES,"{'Open': 49884.67, 'High': 50185.49, 'Low': 49878.0, 'Close': 50061.0}","{'Open': 49957.69, 'High': 50221.64, 'Low': 49891.3, 'Close': 50052.13}","{'Open': 49976.87, 'High': 50204.55, 'Low': 49936.63, 'Close': 50167.68}","{'Open': 49972.34, 'High': 50235.93, 'Low': 49926.19, 'Close': 50141.45}","{'Open': 49955.0, 'High': 50236.06, 'Low': 49931.8, 'Close': 50124.44}","{'Open': 49953.0, 'High': 50250.0, 'Low': 49952.75, 'Close': 50127.0}","{'Open': 49972.2, 'High': 50224.19, 'Low': 49960.0, 'Close': 50119.9}","{'Open': 49966.0, 'High': 50246.88, 'Low': 49917.5, 'Close': 50137.25}","{'Open': 49952.86, 'High': 50238.97, 'Low': 49948.22, 'Close': 50131.35}","{'Open': 49980.1, 'High': 50231.88, 'Low': 49930.3, 'Close': 50140.32}"
2021-02-24 07:40:00,NO TRADES,"{'Open': 50064.0, 'High': 50100.0, 'Low': 49978.0, 'Close': 50045.0}","{'Open': 50104.08, 'High': 50135.43, 'Low': 50022.54, 'Close': 50066.77}","{'Open': 50129.95, 'High': 50178.14, 'Low': 50051.93, 'Close': 50117.79}","{'Open': 50132.1, 'High': 50179.91, 'Low': 50027.47, 'Close': 50092.15}","{'Open': 50125.19, 'High': 50176.72, 'Low': 50022.35, 'Close': 50090.29}","{'Open': 50155.5, 'High': 50163.75, 'Low': 50053.75, 'Close': 50111.25}","{'Open': 50137.44, 'High': 50180.3, 'Low': 50041.8, 'Close': 50100.01}","{'Open': 50133.5, 'High': 50169.0, 'Low': 50038.5, 'Close': 50104.5}","{'Open': 50150.56, 'High': 50194.77, 'Low': 50058.51, 'Close': 50106.72}","{'Open': 50112.72, 'High': 50164.26, 'Low': 50022.17, 'Close': 50089.45}"
2021-02-24 07:45:00,NO TRADES,"{'Open': 50043.0, 'High': 50194.06, 'Low': 49937.0, 'Close': 50152.0}","{'Open': 50058.1, 'High': 50239.14, 'Low': 49966.04, 'Close': 50182.27}","{'Open': 50096.44, 'High': 50252.11, 'Low': 50014.84, 'Close': 50219.75}","{'Open': 50078.61, 'High': 50243.0, 'Low': 49977.58, 'Close': 50182.55}","{'Open': 50090.15, 'High': 50237.82, 'Low': 49999.2, 'Close': 50209.58}","{'Open': 50089.67, 'High': 50251.25, 'Low': 50019.5, 'Close': 50213.75}","{'Open': 50103.68, 'High': 50246.2, 'Low': 49988.0, 'Close': 50204.29}","{'Open': 50088.0, 'High': 50242.0, 'Low': 50005.5, 'Close': 50204.5}","{'Open': 50094.06, 'High': 50252.3, 'Low': 50055.92, 'Close': 50252.3}","{'Open': 50086.84, 'High': 50249.31, 'Low': 49972.3, 'Close': 50200.0}"
2021-02-24 07:50:00,NO TRADES,"{'Open': 50160.42, 'High': 50319.58, 'Low': 50047.88, 'Close': 50118.0}","{'Open': 50165.63, 'High': 50319.39, 'Low': 50091.0, 'Close': 50133.6}","{'Open': 50249.98, 'High': 50346.99, 'Low': 50103.81, 'Close': 50161.65}","{'Open': 50192.94, 'High': 50350.0, 'Low': 50065.35, 'Close': 50125.59}","{'Open': 50234.96, 'High': 50355.07, 'Low': 50104.03, 'Close': 50154.73}","{'Open': 50214.0, 'High': 50327.75, 'Low': 50119.5, 'Close': 50160.92}","{'Open': 50199.3, 'High': 50367.54, 'Low': 50083.52, 'Close': 50155.3}","{'Open': 50255.0, 'High': 50358.5, 'Low': 50102.0, 'Close': 50104.0}","{'Open': 50196.92, 'High': 50345.18, 'Low': 50107.72, 'Close': 50184.28}","{'Open': 50169.62, 'High': 50348.8, 'Low': 50090.01, 'Close': 50139.04}"
2021-02-24 07:55:00,NO TRADES,"{'Open': 50093.82, 'High': 50172.37, 'Low': 50035.0, 'Close': 50050.0}","{'Open': 50123.71, 'High': 50209.75, 'Low': 50042.91, 'Close': 50042.91}","{'Open': 50152.85, 'High': 50227.81, 'Low': 50098.38, 'Close': 50111.73}","{'Open': 50125.0, 'High': 50204.97, 'Low': 50065.29, 'Close': 50074.33}","{'Open': 50136.07, 'High': 50207.18, 'Low': 50079.2, 'Close': 50095.0}","{'Open': 50134.0, 'High': 50245.5, 'Low': 50085.5, 'Close': 50085.5}","{'Open': 50143.65, 'High': 50200.0, 'Low': 50091.7, 'Close': 50140.7}","{'Open': 50148.5, 'High': 50221.25, 'Low': 50039.25, 'Close': 50078.0}","{'Open': 50127.35, 'High': 50191.06, 'Low': 50078.48, 'Close': 50078.48}","{'Open': 50127.08, 'High': 50200.0, 'Low': 50060.64, 'Close': 50060.64}"
2021-02-24 08:00:00,"{'Open': 49890.34, 'High': 49890.34, 'Low': 49890.34, 'Close': 49890.34}","{'Open': 50051.0, 'High': 50199.87, 'Low': 49792.62, 'Close': 50199.87}","{'Open': 50089.2, 'High': 50218.4, 'Low': 49818.38, 'Close': 50218.4}","{'Open': 50105.15, 'High': 50225.0, 'Low': 49840.0, 'Close': 50225.0}","{'Open': 50070.83, 'High': 50210.01, 'Low': 49789.69, 'Close': 50210.01}","{'Open': 50072.4, 'High': 50214.01, 'Low': 49845.77, 'Close': 50214.01}","{'Open': 50109.5, 'High': 50194.25, 'Low': 49842.0, 'Close': 50194.25}","{'Open': 50140.7, 'High': 50199.0, 'Low': 49824.72, 'Close': 50166.5}","{'Open': 50045.75, 'High': 50166.0, 'Low': 49777.13, 'Close': 50155.5}","{'Open': 50124.68, 'High': 50235.58, 'Low': 49822.92, 'Close': 50235.58}","{'Open': 50100.0, 'High': 50239.0, 'Low': 49814.49, 'Close': 50239.0}"
2021-02-24 08:05:00,NO TRADES,"{'Open': 50209.6, 'High': 50488.0, 'Low': 50118.0, 'Close': 50469.0}","{'Open': 50225.0, 'High': 50488.7, 'Low': 50118.95, 'Close': 50485.64}","{'Open': 50225.0, 'High': 50483.72, 'Low': 50155.58, 'Close': 50477.49}","{'Open': 50214.05, 'High': 50496.49, 'Low': 50129.12, 'Close': 50480.01}","{'Open': 50214.01, 'High': 50483.48, 'Low': 50207.79, 'Close': 50466.55}","{'Open': 50187.0, 'High': 50492.25, 'Low': 50186.75, 'Close': 50492.25}","{'Open': 50200.0, 'High': 50500.0, 'Low': 50145.83, 'Close': 50500.0}","{'Open': 50174.39, 'High': 50513.5, 'Low': 50128.0, 'Close': 50483.5}","{'Open': 50180.42, 'High': 50493.5, 'Low': 50180.42, 'Close': 50490.5}","{'Open': 50216.2, 'High': 50497.63, 'Low': 50116.61, 'Close': 50470.3}"
2021-02-24 08:10:00,"{'Open': 50410.65, 'High': 50410.65, 'Low': 50410.65, 'Close': 50410.65}","{'Open': 50469.63, 'High': 50498.01, 'Low': 50316.0, 'Close': 50473.45}","{'Open': 50430.02, 'High': 50486.05, 'Low': 50344.09, 'Close': 50486.05}","{'Open': 50473.24, 'High': 50508.13, 'Low': 50348.67, 'Close': 50506.02}","{'Open': 50469.58, 'High': 50499.76, 'Low': 50334.46, 'Close': 50496.62}","{'Open': 50453.06, 'High': 50500.0, 'Low': 50367.4, 'Close': 50500.0}","{'Open': 50386.5, 'High': 50520.0, 'Low': 50361.75, 'Close': 50520.0}","{'Open': 50461.78, 'High': 50500.0, 'Low': 50384.3, 'Close': 50500.0}","{'Open': 50482.0, 'High': 50522.5, 'Low': 50338.0, 'Close': 50506.17}","{'Open': 50383.71, 'High': 50484.74, 'Low': 50345.71, 'Close': 50484.74}","{'Open': 50451.84, 'High': 50527.48, 'Low': 50354.74, 'Close': 50517.85}"
2021-02-24 08:15:00,NO TRADES,"{'Open': 50485.67, 'High': 50920.17, 'Low': 50485.67, 'Close': 50780.0}","{'Open': 50489.92, 'High': 50884.71, 'Low': 50489.37, 'Close': 50759.92}","{'Open': 50535.43, 'High': 50915.78, 'Low': 50535.43, 'Close': 50790.41}","{'Open': 50496.61, 'High': 50887.97, 'Low': 50495.85, 'Close': 50748.47}","{'Open': 50500.14, 'High': 50899.0, 'Low': 50500.14, 'Close': 50753.22}","{'Open': 50524.5, 'High': 50905.0, 'Low': 50524.5, 'Close': 50786.5}","{'Open': 50500.0, 'High': 50892.95, 'Low': 50499.93, 'Close': 50770.59}","{'Open': 50514.5, 'High': 50888.0, 'Low': 50506.5, 'Close': 50768.2}","{'Open': 50503.77, 'High': 50881.7, 'Low': 50503.77, 'Close': 50759.72}","{'Open': 50514.91, 'High': 50906.05, 'Low': 50499.59, 'Close': 50782.62}"
2021-02-24 08:20:00,NO TRADES,"{'Open': 50780.0, 'High': 50780.01, 'Low': 50554.67, 'Close': 50674.0}","{'Open': 50738.13, 'High': 50740.41, 'Low': 50569.38, 'Close': 50664.2}","{'Open': 50788.69, 'High': 50788.69, 'Low': 50609.93, 'Close': 50722.76}","{'Open': 50741.65, 'High': 50755.56, 'Low': 50575.01, 'Close': 50683.12}","{'Open': 50738.23, 'High': 50738.23, 'Low': 50582.74, 'Close': 50674.02}","{'Open': 50736.25, 'High': 50765.75, 'Low': 50620.25, 'Close': 50700.25}","{'Open': 50782.2, 'High': 50782.2, 'Low': 50606.22, 'Close': 50700.0}","{'Open': 50768.5, 'High': 50768.5, 'Low': 50568.0, 'Close': 50698.0}","{'Open': 50734.5, 'High': 50745.16, 'Low': 50569.18, 'Close': 50700.36}","{'Open': 50773.21, 'High': 50795.44, 'Low': 50575.84, 'Close': 50706.79}"
2021-02-24 08:25:00,NO TRADES,"{'Open': 50636.0, 'High': 50729.33, 'Low': 50537.0, 'Close': 50662.0}","{'Open': 50626.62, 'High': 50709.92, 'Low': 50543.17, 'Close': 50602.84}","{'Open': 50638.56, 'High': 50761.09, 'Low': 50574.26, 'Close': 50653.69}","{'Open': 50686.1, 'High': 50718.64, 'Low': 50550.0, 'Close': 50643.76}","{'Open': 50634.82, 'High': 50698.02, 'Low': 50531.96, 'Close': 50596.94}","{'Open': 50700.25, 'High': 50700.25, 'Low': 50580.25, 'Close': 50670.75}","{'Open': 50700.0, 'High': 50724.4, 'Low': 50574.1, 'Close': 50684.4}","{'Open': 50628.5, 'High': 50708.0, 'Low': 50564.5, 'Close': 50673.0}","{'Open': 50608.51, 'High': 50720.7, 'Low': 50538.89, 'Close': 50637.39}","{'Open': 50689.42, 'High': 50735.08, 'Low': 50556.08, 'Close': 50633.95}"
2021-02-24 08:30:00,NO TRADES,"{'Open': 50641.0, 'High': 50864.0, 'Low': 50641.0, 'Close': 50711.0}","{'Open': 50657.58, 'High': 50876.97, 'Low': 50645.25, 'Close': 50675.08}","{'Open': 50686.15, 'High': 50902.55, 'Low': 50685.22, 'Close': 50733.86}","{'Open': 50644.06, 'High': 50889.63, 'Low': 50636.08, 'Close': 50699.67}","{'Open': 50649.48, 'High': 50904.42, 'Low': 50649.48, 'Close': 50736.73}","{'Open': 50670.0, 'High': 50863.75, 'Low': 50670.0, 'Close': 50720.25}","{'Open': 50671.1, 'High': 50912.5, 'Low': 50671.1, 'Close': 50701.9}","{'Open': 50665.0, 'High': 50888.0, 'Low': 50665.0, 'Close': 50706.0}","{'Open': 50648.67, 'High': 50865.88, 'Low': 50648.67, 'Close': 50699.82}","{'Open': 50643.59, 'High': 50977.59, 'Low': 50643.59, 'Close': 50711.39}"
2021-02-24 08:35:00,"{'Open': 50726.45, 'High': 50726.45, 'Low': 50726.45, 'Close': 50726.45}","{'Open': 50700.0, 'High': 50818.66, 'Low': 50621.15, 'Close': 50701.64}","{'Open': 50705.23, 'High': 50823.68, 'Low': 50642.57, 'Close': 50728.3}","{'Open': 50739.08, 'High': 50834.34, 'Low': 50686.77, 'Close': 50694.68}","{'Open': 50705.46, 'High': 50840.32, 'Low': 50641.47, 'Close': 50730.55}","{'Open': 50712.44, 'High': 50836.66, 'Low': 50680.48, 'Close': 50732.21}","{'Open': 50720.25, 'High': 50859.9, 'Low': 50680.25, 'Close': 50740.0}","{'Open': 50702.0, 'High': 50856.9, 'Low': 50675.9, 'Close': 50756.3}","{'Open': 50725.0, 'High': 50833.0, 'Low': 50640.25, 'Close': 50708.06}","{'Open': 50709.14, 'High': 50843.46, 'Low': 50646.77, 'Close': 50718.15}","{'Open': 50715.69, 'High': 50860.28, 'Low': 50643.08, 'Close': 50737.17}"
2021-02-24 08:40:00,NO TRADES,"{'Open': 50705.0, 'High': 50705.0, 'Low': 50359.0, 'Close': 50408.0}","{'Open': 50754.05, 'High': 50754.05, 'Low': 50420.24, 'Close': 50422.99}","{'Open': 50759.53, 'High': 50759.53, 'Low': 50439.17, 'Close': 50505.44}","{'Open': 50730.59, 'High': 50734.55, 'Low': 50402.52, 'Close': 50433.82}","{'Open': 50689.91, 'High': 50689.91, 'Low': 50387.99, 'Close': 50420.79}","{'Open': 50759.75, 'High': 50759.75, 'Low': 50469.0, 'Close': 50490.75}","{'Open': 50756.4, 'High': 50756.4, 'Low': 50445.47, 'Close': 50479.7}","{'Open': 50761.0, 'High': 50761.0, 'Low': 50428.0, 'Close': 50464.5}","{'Open': 50734.56, 'High': 50734.56, 'Low': 50397.11, 'Close': 50507.72}","{'Open': 50758.74, 'High': 50758.74, 'Low': 50401.61, 'Close': 50448.05}"
2021-02-24 08:45:00,NO TRADES,"{'Open': 50408.0, 'High': 50495.0, 'Low': 50287.0, 'Close': 50456.0}","{'Open': 50438.22, 'High': 50522.13, 'Low': 50306.48, 'Close': 50483.38}","{'Open': 50471.63, 'High': 50544.82, 'Low': 50346.14, 'Close': 50500.17}","{'Open': 50433.82, 'High': 50526.9, 'Low': 50338.02, 'Close': 50488.1}","{'Open': 50463.3, 'High': 50533.53, 'Low': 50302.63, 'Close': 50501.51}","{'Open': 50482.75, 'High': 50524.0, 'Low': 50400.0, 'Close': 50475.25}","{'Open': 50482.3, 'High': 50525.95, 'Low': 50350.2, 'Close': 50482.6}","{'Open': 50458.75, 'High': 50523.5, 'Low': 50340.75, 'Close': 50502.5}","{'Open': 50445.54, 'High': 50507.08, 'Low': 50335.45, 'Close': 50478.51}","{'Open': 50442.91, 'High': 50576.99, 'Low': 50340.01, 'Close': 50480.4}"
2021-02-24 08:50:00,NO TRADES,"{'Open': 50436.0, 'High': 50645.37, 'Low': 50435.5, 'Close': 50609.0}","{'Open': 50471.95, 'High': 50689.44, 'Low': 50471.95, 'Close': 50673.33}","{'Open': 50525.54, 'High': 50718.64, 'Low': 50513.98, 'Close': 50677.48}","{'Open': 50483.28, 'High': 50713.77, 'Low': 50463.22, 'Close': 50665.55}","{'Open': 50580.66, 'High': 50743.13, 'Low': 50501.51, 'Close': 50670.96}","{'Open': 50516.75, 'High': 50713.5, 'Low': 50490.75, 'Close': 50671.5}","{'Open': 50497.2, 'High': 50725.6, 'Low': 50497.2, 'Close': 50690.1}","{'Open': 50486.0, 'High': 50687.56, 'Low': 50486.0, 'Close': 50681.0}","{'Open': 50491.34, 'High': 50712.35, 'Low': 50491.34, 'Close': 50652.77}","{'Open': 50492.94, 'High': 50731.78, 'Low': 50490.9, 'Close': 50688.14}"
2021-02-24 08:55:00,NO TRADES,"{'Open': 50603.0, 'High': 50692.5, 'Low': 50570.0, 'Close': 50600.17}","{'Open': 50644.06, 'High': 50733.47, 'Low': 50617.12, 'Close': 50658.05}","{'Open': 50663.5, 'High': 50759.36, 'Low': 50653.41, 'Close': 50679.16}","{'Open': 50665.54, 'High': 50752.41, 'Low': 50611.02, 'Close': 50664.24}","{'Open': 50662.71, 'High': 50768.14, 'Low': 50616.15, 'Close': 50684.06}","{'Open': 50661.75, 'High': 50759.75, 'Low': 50661.5, 'Close': 50680.25}","{'Open': 50690.1, 'High': 50744.95, 'Low': 50633.5, 'Close': 50682.8}","{'Open': 50656.5, 'High': 50760.0, 'Low': 50601.5, 'Close': 50674.5}","{'Open': 50640.47, 'High': 50754.14, 'Low': 50615.11, 'Close': 50676.57}","{'Open': 50684.58, 'High': 50762.4, 'Low': 50624.64, 'Close': 50700.14}"
2021-02-24 09:00:00,NO TRADES,"{'Open': 50620.8, 'High': 50620.8, 'Low': 50364.0, 'Close': 50413.0}","{'Open': 50667.96, 'High': 50667.96, 'Low': 50434.81, 'Close': 50475.1}","{'Open': 50699.12, 'High': 50706.25, 'Low': 50476.08, 'Close': 50486.29}","{'Open': 50664.18, 'High': 50667.2, 'Low': 50443.05, 'Close': 50492.37}","{'Open': 50689.09, 'High': 50689.09, 'Low': 50460.28, 'Close': 50498.34}","{'Open': 50680.25, 'High': 50680.25, 'Low': 50467.5, 'Close': 50479.5}","{'Open': 50682.9, 'High': 50682.9, 'Low': 50463.0, 'Close': 50489.2}","{'Open': 50679.5, 'High': 50679.5, 'Low': 50469.0, 'Close': 50473.5}","{'Open': 50665.65, 'High': 50665.65, 'Low': 50450.5, 'Close': 50471.44}","{'Open': 50673.74, 'High': 50689.34, 'Low': 50464.2, 'Close': 50501.7}"
2021-02-24 09:05:00,NO TRADES,"{'Open': 50415.6, 'High': 50539.0, 'Low': 50372.0, 'Close': 50400.0}","{'Open': 50475.09, 'High': 50606.36, 'Low': 50415.8, 'Close': 50461.61}","{'Open': 50486.29, 'High': 50616.17, 'Low': 50455.19, 'Close': 50464.78}","{'Open': 50489.9, 'High': 50623.15, 'Low': 50412.4, 'Close': 50481.06}","{'Open': 50493.82, 'High': 50600.92, 'Low': 50405.08, 'Close': 50466.79}","{'Open': 50479.75, 'High': 50610.25, 'Low': 50429.25, 'Close': 50429.25}","{'Open': 50489.2, 'High': 50621.0, 'Low': 50433.8, 'Close': 50487.05}","{'Open': 50512.0, 'High': 50618.0, 'Low': 50417.5, 'Close': 50452.0}","{'Open': 50481.45, 'High': 50598.31, 'Low': 50418.41, 'Close': 50464.42}","{'Open': 50493.5, 'High': 50643.07, 'Low': 50408.18, 'Close': 50492.06}"
2021-02-24 09:10:00,NO TRADES,"{'Open': 50395.5, 'High': 50500.0, 'Low': 50293.0, 'Close': 50500.0}","{'Open': 50479.13, 'High': 50592.29, 'Low': 50362.72, 'Close': 50592.29}","{'Open': 50490.98, 'High': 50600.99, 'Low': 50365.92, 'Close': 50600.99}","{'Open': 50470.42, 'High': 50607.69, 'Low': 50368.65, 'Close': 50606.88}","{'Open': 50470.84, 'High': 50594.77, 'Low': 50375.08, 'Close': 50594.77}","{'Open': 50514.75, 'High': 50600.0, 'Low': 50420.62, 'Close': 50600.0}","{'Open': 50480.6, 'High': 50615.0, 'Low': 50380.7, 'Close': 50615.0}","{'Open': 50489.12, 'High': 50609.5, 'Low': 50389.0, 'Close': 50609.5}","{'Open': 50469.61, 'High': 50592.28, 'Low': 50372.51, 'Close': 50592.28}","{'Open': 50472.26, 'High': 50619.76, 'Low': 50389.98, 'Close': 50619.76}"
2021-02-24 09:15:00,"{'Open': 50890.43, 'High': 50890.43, 'Low': 50890.43, 'Close': 50890.43}","{'Open': 50500.0, 'High': 50892.15, 'Low': 50500.0, 'Close': 50849.0}","{'Open': 50596.24, 'High': 50945.94, 'Low': 50596.24, 'Close': 50918.72}","{'Open': 50612.86, 'High': 50979.97, 'Low': 50612.86, 'Close': 50915.45}","{'Open': 50607.66, 'High': 50971.12, 'Low': 50606.87, 'Close': 50938.07}","{'Open': 50600.79, 'High': 50980.01, 'Low': 50600.79, 'Close': 50926.52}","{'Open': 50618.5, 'High': 50967.75, 'Low': 50618.5, 'Close': 50931.25}","{'Open': 50620.6, 'High': 50970.13, 'Low': 50620.6, 'Close': 50911.3}","{'Open': 50614.5, 'High': 50982.5, 'Low': 50614.5, 'Close': 50891.0}","{'Open': 50611.12, 'High': 50952.42, 'Low': 50611.1, 'Close': 50927.08}","{'Open': 50600.89, 'High': 50976.25, 'Low': 50600.89, 'Close': 50963.44}"
2021-02-24 09:20:00,"{'Open': 50900.0, 'High': 50900.0, 'Low': 50900.0, 'Close': 50900.0}","{'Open': 50858.0, 'High': 50895.33, 'Low': 50685.11, 'Close': 50708.0}","{'Open': 50915.59, 'High': 50999.15, 'Low': 50746.03, 'Close': 50775.26}","{'Open': 50935.92, 'High': 51000.98, 'Low': 50784.23, 'Close': 50813.16}","{'Open': 50941.33, 'High': 50991.3, 'Low': 50762.8, 'Close': 50781.39}","{'Open': 50932.27, 'High': 51022.9, 'Low': 50752.34, 'Close': 50762.61}","{'Open': 50940.0, 'High': 50990.0, 'Low': 50797.5, 'Close': 50797.5}","{'Open': 50914.0, 'High': 50978.4, 'Low': 50778.8, 'Close': 50799.6}","{'Open': 50928.5, 'High': 50986.08, 'Low': 50773.5, 'Close': 50791.97}","{'Open': 50893.19, 'High': 50978.83, 'Low': 50758.68, 'Close': 50758.68}","{'Open': 50936.85, 'High': 51018.86, 'Low': 50776.02, 'Close': 50811.62}"
2021-02-24 09:25:00,NO TRADES,"{'Open': 50698.0, 'High': 50790.58, 'Low': 50610.58, 'Close': 50713.0}","{'Open': 50766.16, 'High': 50878.96, 'Low': 50696.37, 'Close': 50767.53}","{'Open': 50792.2, 'High': 50882.56, 'Low': 50734.77, 'Close': 50805.27}","{'Open': 50768.49, 'High': 50877.11, 'Low': 50696.7, 'Close': 50787.29}","{'Open': 50799.1, 'High': 50869.61, 'Low': 50706.46, 'Close': 50791.01}","{'Open': 50789.0, 'High': 50883.25, 'Low': 50737.5, 'Close': 50800.75}","{'Open': 50787.6, 'High': 50897.8, 'Low': 50756.1, 'Close': 50814.8}","{'Open': 50748.5, 'High': 50884.5, 'Low': 50689.5, 'Close': 50776.0}","{'Open': 50777.32, 'High': 50874.52, 'Low': 50702.89, 'Close': 50777.48}","{'Open': 50787.81, 'High': 50905.67, 'Low': 50719.37, 'Close': 50817.78}"
2021-02-24 09:30:00,"{'Open': 50907.35, 'High': 50907.35, 'Low': 50907.35, 'Close': 50907.35}","{'Open': 50702.0, 'High': 50899.57, 'Low': 50695.5, 'Close': 50747.0}","{'Open': 50772.54, 'High': 50978.72, 'Low': 50772.54, 'Close': 50841.46}","{'Open': 50805.27, 'High': 51022.59, 'Low': 50805.27, 'Close': 50881.3}","{'Open': 50796.87, 'High': 50990.25, 'Low': 50796.77, 'Close': 50861.54}","{'Open': 50810.3, 'High': 51006.95, 'Low': 50789.26, 'Close': 50853.7}","{'Open': 50810.0, 'High': 50999.75, 'Low': 50796.0, 'Close': 50876.25}","{'Open': 50843.9, 'High': 51049.34, 'Low': 50801.0, 'Close': 50875.4}","{'Open': 50834.0, 'High': 51006.38, 'Low': 50800.0, 'Close': 50838.17}","{'Open': 50788.02, 'High': 50966.61, 'Low': 50788.02, 'Close': 50826.23}","{'Open': 50797.05, 'High': 51003.23, 'Low': 50797.05, 'Close': 50856.48}"
2021-02-24 09:35:00,"{'Open': 50846.85, 'High': 50846.85, 'Low': 50846.85, 'Close': 50846.85}","{'Open': 50756.0, 'High': 51166.65, 'Low': 50729.0, 'Close': 51155.5}","{'Open': 50840.09, 'High': 51238.24, 'Low': 50810.4, 'Close': 51238.24}","{'Open': 50868.97, 'High': 51237.74, 'Low': 50850.91, 'Close': 51237.74}","{'Open': 50846.8, 'High': 51253.65, 'Low': 50822.12, 'Close': 51244.44}","{'Open': 50849.07, 'High': 51212.45, 'Low': 50831.83, 'Close': 51212.45}","{'Open': 50868.75, 'High': 51226.25, 'Low': 50860.25, 'Close': 51226.25}","{'Open': 50869.83, 'High': 51235.0, 'Low': 50864.73, 'Close': 51235.0}","{'Open': 50851.5, 'High': 51264.0, 'Low': 50833.47, 'Close': 51264.0}","{'Open': 50827.92, 'High': 51229.77, 'Low': 50810.18, 'Close': 51218.31}","{'Open': 50856.48, 'High': 51252.23, 'Low': 50825.06, 'Close': 51252.23}"
2021-02-24 09:40:00,NO TRADES,"{'Open': 51155.92, 'High': 51323.78, 'Low': 51011.0, 'Close': 51214.32}","{'Open': 51228.84, 'High': 51402.65, 'Low': 51103.3, 'Close': 51308.78}","{'Open': 51243.59, 'High': 51408.64, 'Low': 51169.76, 'Close': 51332.76}","{'Open': 51247.32, 'High': 51412.09, 'Low': 51100.42, 'Close': 51297.19}","{'Open': 51213.71, 'High': 51421.74, 'Low': 51099.0, 'Close': 51316.56}","{'Open': 51278.75, 'High': 51397.0, 'Low': 51145.5, 'Close': 51306.0}","{'Open': 51269.06, 'High': 51430.9, 'Low': 51134.85, 'Close': 51315.9}","{'Open': 51290.0, 'High': 51449.5, 'Low': 51132.5, 'Close': 51297.75}","{'Open': 51246.56, 'High': 51421.71, 'Low': 51125.77, 'Close': 51298.44}","{'Open': 51252.23, 'High': 51421.33, 'Low': 51122.38, 'Close': 51326.23}"
2021-02-24 09:45:00,NO TRADES,"{'Open': 51207.0, 'High': 51265.8, 'Low': 50872.0, 'Close': 50886.0}","{'Open': 51334.2, 'High': 51334.2, 'Low': 50958.33, 'Close': 50958.33}","{'Open': 51332.76, 'High': 51387.96, 'Low': 51058.86, 'Close': 51058.86}","{'Open': 51298.14, 'High': 51352.48, 'Low': 50975.72, 'Close': 50980.02}","{'Open': 51300.02, 'High': 51365.98, 'Low': 51000.01, 'Close': 51000.01}","{'Open': 51358.33, 'High': 51358.33, 'Low': 50999.5, 'Close': 50999.5}","{'Open': 51339.6, 'High': 51369.65, 'Low': 51014.6, 'Close': 51014.6}","{'Open': 51330.0, 'High': 51330.0, 'Low': 50982.62, 'Close': 51007.5}","{'Open': 51317.37, 'High': 51339.16, 'Low': 50978.15, 'Close': 50978.15}","{'Open': 51334.17, 'High': 51342.06, 'Low': 50992.33, 'Close': 51005.03}"
2021-02-24 09:50:00,NO TRADES,"{'Open': 50889.0, 'High': 50965.0, 'Low': 50795.0, 'Close': 50796.0}","{'Open': 50947.11, 'High': 51095.91, 'Low': 50894.44, 'Close': 50902.88}","{'Open': 51031.06, 'High': 51124.81, 'Low': 50962.02, 'Close': 50981.02}","{'Open': 50978.44, 'High': 51074.54, 'Low': 50892.15, 'Close': 50905.98}","{'Open': 51000.0, 'High': 51097.73, 'Low': 50898.93, 'Close': 50904.95}","{'Open': 50980.25, 'High': 51062.56, 'Low': 50920.25, 'Close': 50920.25}","{'Open': 51003.3, 'High': 51076.8, 'Low': 50925.19, 'Close': 50952.3}","{'Open': 50956.25, 'High': 51096.5, 'Low': 50888.5, 'Close': 50948.5}","{'Open': 50987.98, 'High': 51081.53, 'Low': 50908.59, 'Close': 50933.03}","{'Open': 50996.21, 'High': 51077.94, 'Low': 50897.03, 'Close': 50909.74}"
2021-02-24 09:55:00,NO TRADES,"{'Open': 50796.0, 'High': 50843.63, 'Low': 50794.0, 'Close': 50809.0}","{'Open': 50923.46, 'High': 50931.46, 'Low': 50864.1, 'Close': 50904.26}","{'Open': 50999.74, 'High': 51015.0, 'Low': 50946.6, 'Close': 50970.65}","{'Open': 50912.14, 'High': 50928.92, 'Low': 50877.67, 'Close': 50902.89}","{'Open': 50934.56, 'High': 50935.46, 'Low': 50862.1, 'Close': 50909.66}","{'Open': 50923.62, 'High': 50933.25, 'Low': 50911.75, 'Close': 50929.5}","{'Open': 50947.48, 'High': 50947.47, 'Low': 50899.9, 'Close': 50900.0}","{'Open': 50950.67, 'High': 50954.0, 'Low': 50871.0, 'Close': 50896.5}","{'Open': 50926.24, 'High': 50937.47, 'Low': 50887.55, 'Close': 50899.67}","{'Open': 50935.05, 'High': 50953.21, 'Low': 50872.43, 'Close': 50889.26}"
2021-02-24 10:00:00,NO TRADES,"{'Open': 50809.0, 'High': 50954.0, 'Low': 50798.0, 'Close': 50799.67}","{'Open': 50908.49, 'High': 51042.97, 'Low': 50898.0, 'Close': 50911.24}","{'Open': 50981.64, 'High': 51088.36, 'Low': 50960.0, 'Close': 50963.54}","{'Open': 50906.0, 'High': 51050.4, 'Low': 50894.05, 'Close': 50894.05}","{'Open': 50915.34, 'High': 51043.25, 'Low': 50904.99, 'Close': 50904.99}","{'Open': 50956.35, 'High': 51032.3, 'Low': 50913.12, 'Close': 50913.12}","{'Open': 50900.0, 'High': 51053.15, 'Low': 50899.94, 'Close': 50932.5}","{'Open': 50995.75, 'High': 51068.2, 'Low': 50898.0, 'Close': 50939.96}","{'Open': 50905.82, 'High': 51041.91, 'Low': 50902.89, 'Close': 50906.61}","{'Open': 50923.48, 'High': 51051.0, 'Low': 50895.03, 'Close': 50903.56}"
2021-02-24 10:05:00,NO TRADES,"{'Open': 50799.0, 'High': 50897.0, 'Low': 50627.0, 'Close': 50867.0}","{'Open': 50905.66, 'High': 51012.98, 'Low': 50727.73, 'Close': 50985.22}","{'Open': 50966.38, 'High': 51057.25, 'Low': 50820.0, 'Close': 51027.44}","{'Open': 50891.11, 'High': 51011.5, 'Low': 50723.3, 'Close': 50981.9}","{'Open': 50909.42, 'High': 51008.85, 'Low': 50744.43, 'Close': 51008.85}","{'Open': 50939.75, 'High': 51031.0, 'Low': 50745.75, 'Close': 51011.5}","{'Open': 50932.5, 'High': 51047.7, 'Low': 50794.43, 'Close': 51024.86}","{'Open': 50906.5, 'High': 51020.25, 'Low': 50744.49, 'Close': 51015.0}","{'Open': 50906.61, 'High': 51008.48, 'Low': 50748.85, 'Close': 51005.87}","{'Open': 50907.54, 'High': 51026.06, 'Low': 50751.64, 'Close': 50992.6}"
2021-02-24 10:10:00,NO TRADES,"{'Open': 50870.0, 'High': 50870.0, 'Low': 50525.41, 'Close': 50583.67}","{'Open': 50973.04, 'High': 50973.04, 'Low': 50625.19, 'Close': 50683.76}","{'Open': 51028.29, 'High': 51028.29, 'Low': 50670.3, 'Close': 50721.14}","{'Open': 50980.46, 'High': 50980.46, 'Low': 50611.35, 'Close': 50665.97}","{'Open': 51000.01, 'High': 51000.01, 'Low': 50615.59, 'Close': 50682.07}","{'Open': 51000.0, 'High': 51000.0, 'Low': 50680.25, 'Close': 50699.0}","{'Open': 51000.2, 'High': 51000.2, 'Low': 50660.0, 'Close': 50703.62}","{'Open': 50980.0, 'High': 50980.0, 'Low': 50634.12, 'Close': 50701.5}","{'Open': 50967.93, 'High': 50967.93, 'Low': 50631.65, 'Close': 50695.67}","{'Open': 50993.08, 'High': 50993.08, 'Low': 50602.54, 'Close': 50676.51}"
2021-02-24 10:15:00,NO TRADES,"{'Open': 50577.0, 'High': 50577.0, 'Low': 50232.14, 'Close': 50462.47}","{'Open': 50671.99, 'High': 50671.99, 'Low': 50368.42, 'Close': 50557.56}","{'Open': 50714.11, 'High': 50714.11, 'Low': 50433.4, 'Close': 50618.16}","{'Open': 50664.21, 'High': 50674.01, 'Low': 50358.7, 'Close': 50549.05}","{'Open': 50601.58, 'High': 50656.92, 'Low': 50399.99, 'Close': 50584.4}","{'Open': 50680.0, 'High': 50680.0, 'Low': 50426.5, 'Close': 50597.25}","{'Open': 50700.1, 'High': 50700.1, 'Low': 50448.64, 'Close': 50588.4}","{'Open': 50663.5, 'High': 50663.5, 'Low': 50417.62, 'Close': 50578.75}","{'Open': 50693.69, 'High': 50693.69, 'Low': 50408.36, 'Close': 50584.69}","{'Open': 50687.62, 'High': 50706.94, 'Low': 50392.24, 'Close': 50550.0}"
2021-02-24 10:20:00,NO TRADES,"{'Open': 50453.5, 'High': 50557.0, 'Low': 50171.0, 'Close': 50171.0}","{'Open': 50545.66, 'High': 50660.04, 'Low': 50253.47, 'Close': 50253.47}","{'Open': 50550.46, 'High': 50699.0, 'Low': 50301.57, 'Close': 50301.57}","{'Open': 50539.23, 'High': 50744.59, 'Low': 50239.12, 'Close': 50239.12}","{'Open': 50543.86, 'High': 50661.87, 'Low': 50262.43, 'Close': 50262.43}","{'Open': 50560.25, 'High': 50650.55, 'Low': 50300.0, 'Close': 50300.0}","{'Open': 50580.3, 'High': 50698.65, 'Low': 50303.4, 'Close': 50303.4}","{'Open': 50526.0, 'High': 50670.5, 'Low': 50212.5, 'Close': 50212.5}","{'Open': 50541.36, 'High': 50691.32, 'Low': 50342.27, 'Close': 50397.34}","{'Open': 50565.5, 'High': 50666.32, 'Low': 50262.43, 'Close': 50262.58}"
2021-02-24 10:25:00,NO TRADES,"{'Open': 50170.71, 'High': 50440.0, 'Low': 50069.0, 'Close': 50379.5}","{'Open': 50243.35, 'High': 50543.0, 'Low': 50178.57, 'Close': 50452.62}","{'Open': 50288.05, 'High': 50575.29, 'Low': 50232.81, 'Close': 50488.79}","{'Open': 50238.48, 'High': 50545.06, 'Low': 50173.9, 'Close': 50448.15}","{'Open': 50262.43, 'High': 50545.33, 'Low': 50185.75, 'Close': 50455.23}","{'Open': 50280.0, 'High': 50550.0, 'Low': 50198.25, 'Close': 50450.38}","{'Open': 50301.87, 'High': 50562.5, 'Low': 50224.3, 'Close': 50474.9}","{'Open': 50198.5, 'High': 50568.5, 'Low': 50198.5, 'Close': 50568.5}","{'Open': 50255.76, 'High': 50563.29, 'Low': 50255.76, 'Close': 50472.94}","{'Open': 50240.71, 'High': 50537.63, 'Low': 50177.01, 'Close': 50434.52}"
2021-02-24 10:30:00,"{'Open': 50544.26, 'High': 50544.26, 'Low': 50544.26, 'Close': 50544.26}","{'Open': 50353.0, 'High': 50500.0, 'Low': 50345.47, 'Close': 50436.0}","{'Open': 50435.31, 'High': 50621.67, 'Low': 50435.31, 'Close': 50524.9}","{'Open': 50487.46, 'High': 50657.83, 'Low': 50481.86, 'Close': 50545.48}","{'Open': 50458.24, 'High': 50640.39, 'Low': 50448.78, 'Close': 50533.84}","{'Open': 50442.21, 'High': 50641.09, 'Low': 50429.07, 'Close': 50511.26}","{'Open': 50495.75, 'High': 50600.0, 'Low': 50495.75, 'Close': 50549.75}","{'Open': 50474.8, 'High': 50661.9, 'Low': 50474.3, 'Close': 50578.8}","{'Open': 50473.0, 'High': 50671.5, 'Low': 50444.5, 'Close': 50563.5}","{'Open': 50470.28, 'High': 50646.41, 'Low': 50470.28, 'Close': 50543.71}","{'Open': 50455.27, 'High': 50647.74, 'Low': 50417.96, 'Close': 50558.06}"
2021-02-24 10:35:00,"{'Open': 50486.11, 'High': 50486.11, 'Low': 50486.11, 'Close': 50486.11}","{'Open': 50408.6, 'High': 50408.6, 'Low': 50162.23, 'Close': 50249.0}","{'Open': 50515.47, 'High': 50515.47, 'Low': 50268.07, 'Close': 50343.12}","{'Open': 50557.06, 'High': 50557.06, 'Low': 50304.58, 'Close': 50377.95}","{'Open': 50526.67, 'High': 50526.67, 'Low': 50267.32, 'Close': 50353.43}","{'Open': 50508.69, 'High': 50521.8, 'Low': 50258.94, 'Close': 50377.47}","{'Open': 50552.0, 'High': 50552.0, 'Low': 50289.88, 'Close': 50360.0}","{'Open': 50578.7, 'High': 50578.7, 'Low': 50304.1, 'Close': 50387.0}","{'Open': 50519.43, 'High': 50519.43, 'Low': 50278.75, 'Close': 50348.5}","{'Open': 50457.56, 'High': 50457.56, 'Low': 50302.24, 'Close': 50443.18}","{'Open': 50534.22, 'High': 50534.22, 'Low': 50263.09, 'Close': 50350.92}"
2021-02-24 10:40:00,NO TRADES,"{'Open': 50265.0, 'High': 50450.0, 'Low': 50265.0, 'Close': 50450.0}","{'Open': 50377.72, 'High': 50569.46, 'Low': 50377.72, 'Close': 50543.03}","{'Open': 50379.49, 'High': 50601.78, 'Low': 50379.49, 'Close': 50573.43}","{'Open': 50356.12, 'High': 50577.18, 'Low': 50356.12, 'Close': 50575.77}","{'Open': 50403.42, 'High': 50573.31, 'Low': 50368.99, 'Close': 50571.66}","{'Open': 50390.0, 'High': 50579.75, 'Low': 50390.0, 'Close': 50563.5}","{'Open': 50390.7, 'High': 50606.82, 'Low': 50390.7, 'Close': 50589.1}","{'Open': 50370.5, 'High': 50586.0, 'Low': 50370.5, 'Close': 50559.0}","{'Open': 50375.89, 'High': 50578.43, 'Low': 50375.89, 'Close': 50569.75}","{'Open': 50361.3, 'High': 50577.45, 'Low': 50361.3, 'Close': 50551.28}"
2021-02-24 10:45:00,NO TRADES,"{'Open': 50450.0, 'High': 50500.0, 'Low': 50407.0, 'Close': 50451.77}","{'Open': 50569.74, 'High': 50620.44, 'Low': 50493.61, 'Close': 50549.66}","{'Open': 50599.18, 'High': 50621.66, 'Low': 50531.44, 'Close': 50575.8}","{'Open': 50577.92, 'High': 50633.57, 'Low': 50500.04, 'Close': 50565.7}","{'Open': 50587.07, 'High': 50644.76, 'Low': 50487.96, 'Close': 50563.37}","{'Open': 50579.75, 'High': 50647.75, 'Low': 50525.0, 'Close': 50580.5}","{'Open': 50589.0, 'High': 50619.0, 'Low': 50530.2, 'Close': 50565.5}","{'Open': 50564.93, 'High': 50643.5, 'Low': 50511.0, 'Close': 50572.5}","{'Open': 50607.5, 'High': 50637.95, 'Low': 50514.13, 'Close': 50582.08}","{'Open': 50579.91, 'High': 50633.73, 'Low': 50500.03, 'Close': 50577.61}"
2021-02-24 10:50:00,NO TRADES,"{'Open': 50442.0, 'High': 50489.41, 'Low': 50250.0, 'Close': 50271.0}","{'Open': 50549.65, 'High': 50611.92, 'Low': 50342.01, 'Close': 50384.78}","{'Open': 50571.08, 'High': 50611.46, 'Low': 50359.96, 'Close': 50388.38}","{'Open': 50550.15, 'High': 50605.42, 'Low': 50349.99, 'Close': 50407.0}","{'Open': 50542.9, 'High': 50587.91, 'Low': 50336.29, 'Close': 50378.3}","{'Open': 50580.5, 'High': 50580.5, 'Low': 50346.5, 'Close': 50381.5}","{'Open': 50561.7, 'High': 50600.0, 'Low': 50383.8, 'Close': 50393.5}","{'Open': 50537.5, 'High': 50590.5, 'Low': 50384.5, 'Close': 50384.5}","{'Open': 50533.29, 'High': 50603.17, 'Low': 50356.53, 'Close': 50395.28}","{'Open': 50540.0, 'High': 50595.67, 'Low': 50351.8, 'Close': 50413.64}"
2021-02-24 10:55:00,NO TRADES,"{'Open': 50297.0, 'High': 50339.6, 'Low': 50050.0, 'Close': 50057.0}","{'Open': 50369.22, 'High': 50442.09, 'Low': 50099.84, 'Close': 50111.98}","{'Open': 50383.96, 'High': 50454.33, 'Low': 50142.85, 'Close': 50159.45}","{'Open': 50397.9, 'High': 50455.65, 'Low': 50118.1, 'Close': 50131.96}","{'Open': 50366.28, 'High': 50436.17, 'Low': 50121.89, 'Close': 50121.89}","{'Open': 50395.75, 'High': 50451.12, 'Low': 50127.25, 'Close': 50140.25}","{'Open': 50408.1, 'High': 50432.37, 'Low': 50150.0, 'Close': 50150.1}","{'Open': 50370.5, 'High': 50438.25, 'Low': 50127.5, 'Close': 50136.5}","{'Open': 50403.54, 'High': 50445.86, 'Low': 50124.23, 'Close': 50144.41}","{'Open': 50408.98, 'High': 50442.59, 'Low': 50099.99, 'Close': 50115.03}"
2021-02-24 11:00:00,NO TRADES,"{'Open': 50057.0, 'High': 50445.0, 'Low': 50057.0, 'Close': 50370.0}","{'Open': 50113.4, 'High': 50513.79, 'Low': 50113.4, 'Close': 50451.06}","{'Open': 50133.81, 'High': 50513.87, 'Low': 50133.81, 'Close': 50444.31}","{'Open': 50129.7, 'High': 50525.28, 'Low': 50129.7, 'Close': 50459.17}","{'Open': 50152.87, 'High': 50525.57, 'Low': 50121.89, 'Close': 50460.87}","{'Open': 50174.75, 'High': 50516.25, 'Low': 50174.75, 'Close': 50447.5}","{'Open': 50150.6, 'High': 50538.5, 'Low': 50150.6, 'Close': 50428.7}","{'Open': 50160.5, 'High': 50482.5, 'Low': 50157.88, 'Close': 50441.06}","{'Open': 50140.45, 'High': 50530.95, 'Low': 50140.45, 'Close': 50458.05}","{'Open': 50127.96, 'High': 50545.44, 'Low': 50127.39, 'Close': 50469.57}"
2021-02-24 11:05:00,NO TRADES,"{'Open': 50370.0, 'High': 50550.05, 'Low': 50350.0, 'Close': 50449.75}","{'Open': 50433.7, 'High': 50621.67, 'Low': 50424.03, 'Close': 50520.11}","{'Open': 50450.98, 'High': 50644.74, 'Low': 50450.98, 'Close': 50535.82}","{'Open': 50470.84, 'High': 50633.48, 'Low': 50438.66, 'Close': 50523.73}","{'Open': 50535.74, 'High': 50621.96, 'Low': 50513.21, 'Close': 50530.45}","{'Open': 50480.0, 'High': 50647.75, 'Low': 50480.0, 'Close': 50560.0}","{'Open': 50482.07, 'High': 50632.6, 'Low': 50478.55, 'Close': 50535.6}","{'Open': 50444.0, 'High': 50653.5, 'Low': 50444.0, 'Close': 50535.0}","{'Open': 50460.5, 'High': 50624.4, 'Low': 50447.26, 'Close': 50592.87}","{'Open': 50469.61, 'High': 50637.35, 'Low': 50452.99, 'Close': 50522.6}"
2021-02-24 11:10:00,"{'Open': 50500.0, 'High': 50500.0, 'Low': 50500.0, 'Close': 50500.0}","{'Open': 50452.0, 'High': 50520.88, 'Low': 50350.0, 'Close': 50350.0}","{'Open': 50520.11, 'High': 50600.95, 'Low': 50406.31, 'Close': 50407.52}","{'Open': 50582.63, 'High': 50628.01, 'Low': 50433.33, 'Close': 50439.63}","{'Open': 50526.66, 'High': 50599.0, 'Low': 50413.89, 'Close': 50443.75}","{'Open': 50522.79, 'High': 50598.37, 'Low': 50423.72, 'Close': 50448.45}","{'Open': 50555.75, 'High': 50614.92, 'Low': 50480.0, 'Close': 50480.0}","{'Open': 50535.7, 'High': 50601.3, 'Low': 50457.1, 'Close': 50470.5}","{'Open': 50522.0, 'High': 50610.5, 'Low': 50442.0, 'Close': 50442.0}","{'Open': 50540.7, 'High': 50606.15, 'Low': 50450.19, 'Close': 50456.26}","{'Open': 50535.99, 'High': 50605.31, 'Low': 50429.1, 'Close': 50429.1}"
2021-02-24 11:15:00,NO TRADES,"{'Open': 50360.0, 'High': 50403.0, 'Low': 50208.0, 'Close': 50251.5}","{'Open': 50417.55, 'High': 50466.5, 'Low': 50271.57, 'Close': 50337.48}","{'Open': 50431.9, 'High': 50500.76, 'Low': 50305.92, 'Close': 50347.44}","{'Open': 50432.76, 'High': 50491.47, 'Low': 50285.82, 'Close': 50347.28}","{'Open': 50462.63, 'High': 50483.44, 'Low': 50299.09, 'Close': 50372.09}","{'Open': 50471.0, 'High': 50498.5, 'Low': 50326.33, 'Close': 50359.5}","{'Open': 50457.3, 'High': 50488.7, 'Low': 50300.0, 'Close': 50346.5}","{'Open': 50431.5, 'High': 50486.0, 'Low': 50291.0, 'Close': 50325.5}","{'Open': 50449.52, 'High': 50481.25, 'Low': 50291.06, 'Close': 50346.74}","{'Open': 50453.12, 'High': 50496.99, 'Low': 50292.51, 'Close': 50356.72}"
2021-02-24 11:20:00,"{'Open': 50436.16, 'High': 50436.16, 'Low': 50436.16, 'Close': 50436.16}","{'Open': 50278.0, 'High': 50789.0, 'Low': 50277.0, 'Close': 50788.0}","{'Open': 50340.0, 'High': 50876.08, 'Low': 50340.0, 'Close': 50872.95}","{'Open': 50364.94, 'High': 50870.54, 'Low': 50364.94, 'Close': 50870.54}","{'Open': 50358.18, 'High': 50892.3, 'Low': 50346.54, 'Close': 50859.63}","{'Open': 50431.91, 'High': 50902.86, 'Low': 50364.53, 'Close': 50895.68}","{'Open': 50359.75, 'High': 50901.12, 'Low': 50359.75, 'Close': 50881.75}","{'Open': 50373.8, 'High': 50881.9, 'Low': 50358.2, 'Close': 50871.5}","{'Open': 50356.5, 'High': 50879.5, 'Low': 50322.5, 'Close': 50879.5}","{'Open': 50352.96, 'High': 50880.53, 'Low': 50350.72, 'Close': 50875.09}","{'Open': 50356.28, 'High': 50888.26, 'Low': 50353.21, 'Close': 50873.21}"
2021-02-24 11:25:00,NO TRADES,"{'Open': 50770.0, 'High': 50832.36, 'Low': 50669.0, 'Close': 50685.0}","{'Open': 50813.46, 'High': 50903.34, 'Low': 50730.97, 'Close': 50765.68}","{'Open': 50860.75, 'High': 50914.53, 'Low': 50729.5, 'Close': 50784.04}","{'Open': 50852.06, 'High': 50929.13, 'Low': 50750.01, 'Close': 50777.86}","{'Open': 50854.97, 'High': 50957.67, 'Low': 50770.68, 'Close': 50778.39}","{'Open': 50857.75, 'High': 50918.25, 'Low': 50788.5, 'Close': 50800.25}","{'Open': 50871.4, 'High': 50904.75, 'Low': 50738.8, 'Close': 50770.0}","{'Open': 50839.0, 'High': 50910.5, 'Low': 50749.0, 'Close': 50769.0}","{'Open': 50877.9, 'High': 50924.23, 'Low': 50751.21, 'Close': 50767.93}","{'Open': 50869.28, 'High': 50920.97, 'Low': 50741.38, 'Close': 50778.74}"
2021-02-24 11:30:00,NO TRADES,"{'Open': 50685.0, 'High': 50798.0, 'Low': 50603.0, 'Close': 50635.0}","{'Open': 50757.43, 'High': 50872.93, 'Low': 50649.58, 'Close': 50684.71}","{'Open': 50781.34, 'High': 50860.69, 'Low': 50673.11, 'Close': 50701.1}","{'Open': 50776.79, 'High': 50893.21, 'Low': 50676.37, 'Close': 50697.49}","{'Open': 50788.33, 'High': 50878.93, 'Low': 50672.02, 'Close': 50688.99}","{'Open': 50800.25, 'High': 50849.66, 'Low': 50700.0, 'Close': 50700.25}","{'Open': 50769.2, 'High': 50885.4, 'Low': 50674.9, 'Close': 50686.84}","{'Open': 50767.5, 'High': 50885.5, 'Low': 50675.5, 'Close': 50688.0}","{'Open': 50766.28, 'High': 50887.84, 'Low': 50673.4, 'Close': 50682.65}","{'Open': 50779.4, 'High': 50867.74, 'Low': 50658.97, 'Close': 50666.49}"
2021-02-24 11:35:00,"{'Open': 50702.08, 'High': 50702.08, 'Low': 50702.08, 'Close': 50702.08}","{'Open': 50609.0, 'High': 50689.0, 'Low': 50575.79, 'Close': 50580.0}","{'Open': 50680.46, 'High': 50757.04, 'Low': 50625.03, 'Close': 50625.89}","{'Open': 50699.71, 'High': 50779.38, 'Low': 50650.21, 'Close': 50650.21}","{'Open': 50697.49, 'High': 50764.33, 'Low': 50618.93, 'Close': 50625.91}","{'Open': 50686.43, 'High': 50754.29, 'Low': 50622.76, 'Close': 50622.76}","{'Open': 50680.25, 'High': 50749.75, 'Low': 50660.25, 'Close': 50660.25}","{'Open': 50679.7, 'High': 50734.5, 'Low': 50622.3, 'Close': 50638.6}","{'Open': 50679.0, 'High': 50752.5, 'Low': 50634.0, 'Close': 50634.0}","{'Open': 50661.39, 'High': 50752.5, 'Low': 50620.14, 'Close': 50631.26}","{'Open': 50686.49, 'High': 50752.16, 'Low': 50607.61, 'Close': 50623.25}"
2021-02-24 11:40:00,NO TRADES,"{'Open': 50572.55, 'High': 50627.2, 'Low': 50331.13, 'Close': 50331.13}","{'Open': 50636.0, 'High': 50668.75, 'Low': 50371.85, 'Close': 50375.94}","{'Open': 50626.38, 'High': 50706.36, 'Low': 50413.98, 'Close': 50423.73}","{'Open': 50629.22, 'High': 50690.01, 'Low': 50370.82, 'Close': 50393.82}","{'Open': 50633.57, 'High': 50710.79, 'Low': 50360.64, 'Close': 50404.3}","{'Open': 50660.25, 'High': 50693.08, 'Low': 50410.75, 'Close': 50420.0}","{'Open': 50629.4, 'High': 50644.0, 'Low': 50376.0, 'Close': 50376.0}","{'Open': 50645.75, 'High': 50664.0, 'Low': 50375.75, 'Close': 50375.75}","{'Open': 50626.5, 'High': 50683.94, 'Low': 50388.79, 'Close': 50400.25}","{'Open': 50638.52, 'High': 50693.96, 'Low': 50346.66, 'Close': 50366.55}"
2021-02-24 11:45:00,NO TRADES,"{'Open': 50341.57, 'High': 50439.0, 'Low': 50279.5, 'Close': 50337.0}","{'Open': 50425.56, 'High': 50493.73, 'Low': 50342.0, 'Close': 50382.02}","{'Open': 50452.78, 'High': 50508.96, 'Low': 50336.85, 'Close': 50386.92}","{'Open': 50396.77, 'High': 50490.15, 'Low': 50325.27, 'Close': 50386.39}","{'Open': 50453.55, 'High': 50492.72, 'Low': 50349.67, 'Close': 50389.34}","{'Open': 50418.38, 'High': 50505.25, 'Low': 50360.25, 'Close': 50399.75}","{'Open': 50426.6, 'High': 50490.4, 'Low': 50328.18, 'Close': 50392.0}","{'Open': 50396.5, 'High': 50499.5, 'Low': 50304.0, 'Close': 50401.5}","{'Open': 50412.03, 'High': 50522.39, 'Low': 50344.39, 'Close': 50383.88}","{'Open': 50386.23, 'High': 50488.06, 'Low': 50317.9, 'Close': 50377.68}"
2021-02-24 11:50:00,NO TRADES,"{'Open': 50338.0, 'High': 50347.96, 'Low': 50200.0, 'Close': 50237.0}","{'Open': 50385.22, 'High': 50405.71, 'Low': 50248.19, 'Close': 50321.74}","{'Open': 50405.72, 'High': 50405.72, 'Low': 50266.47, 'Close': 50307.92}","{'Open': 50386.38, 'High': 50414.69, 'Low': 50222.23, 'Close': 50328.88}","{'Open': 50374.54, 'High': 50434.55, 'Low': 50238.25, 'Close': 50328.84}","{'Open': 50409.5, 'High': 50419.75, 'Low': 50231.5, 'Close': 50337.25}","{'Open': 50394.4, 'High': 50418.1, 'Low': 50242.6, 'Close': 50329.4}","{'Open': 50388.0, 'High': 50388.0, 'Low': 50220.0, 'Close': 50316.0}","{'Open': 50392.79, 'High': 50392.79, 'Low': 50281.62, 'Close': 50328.06}","{'Open': 50388.49, 'High': 50412.15, 'Low': 50222.21, 'Close': 50314.07}"
2021-02-24 11:55:00,NO TRADES,"{'Open': 50279.5, 'High': 50331.05, 'Low': 50275.15, 'Close': 50324.0}","{'Open': 50318.32, 'High': 50402.27, 'Low': 50318.13, 'Close': 50390.43}","{'Open': 50374.25, 'High': 50397.34, 'Low': 50321.76, 'Close': 50397.34}","{'Open': 50328.87, 'High': 50393.26, 'Low': 50320.1, 'Close': 50380.0}","{'Open': 50349.79, 'High': 50389.91, 'Low': 50321.81, 'Close': 50387.33}","{'Open': 50349.0, 'High': 50403.25, 'Low': 50349.0, 'Close': 50400.25}","{'Open': 50342.5, 'High': 50393.3, 'Low': 50329.6, 'Close': 50392.1}","{'Open': 50312.5, 'High': 50399.98, 'Low': 50312.5, 'Close': 50388.5}","{'Open': 50345.59, 'High': 50405.91, 'Low': 50343.78, 'Close': 50377.79}","{'Open': 50320.11, 'High': 50396.18, 'Low': 50320.11, 'Close': 50381.65}"
2021-02-24 12:00:00,NO TRADES,"{'Open': 50339.0, 'High': 50558.03, 'Low': 50337.0, 'Close': 50556.0}","{'Open': 50397.48, 'High': 50655.87, 'Low': 50397.45, 'Close': 50606.63}","{'Open': 50397.3, 'High': 50641.43, 'Low': 50397.3, 'Close': 50641.43}","{'Open': 50383.09, 'High': 50645.43, 'Low': 50377.41, 'Close': 50603.66}","{'Open': 50395.7, 'High': 50655.72, 'Low': 50390.3, 'Close': 50615.37}","{'Open': 50402.25, 'High': 50643.75, 'Low': 50402.25, 'Close': 50609.75}","{'Open': 50392.13, 'High': 50635.3, 'Low': 50384.41, 'Close': 50599.5}","{'Open': 50397.1, 'High': 50665.5, 'Low': 50393.25, 'Close': 50589.75}","{'Open': 50406.27, 'High': 50657.52, 'Low': 50398.72, 'Close': 50606.12}","{'Open': 50408.26, 'High': 50639.0, 'Low': 50373.39, 'Close': 50593.76}"
2021-02-24 12:05:00,NO TRADES,"{'Open': 50547.53, 'High': 50692.0, 'Low': 50453.16, 'Close': 50461.0}","{'Open': 50624.59, 'High': 50776.43, 'Low': 50498.42, 'Close': 50507.76}","{'Open': 50599.3, 'High': 50769.45, 'Low': 50516.51, 'Close': 50531.39}","{'Open': 50601.71, 'High': 50773.29, 'Low': 50503.11, 'Close': 50534.64}","{'Open': 50589.59, 'High': 50800.11, 'Low': 50468.22, 'Close': 50500.04}","{'Open': 50610.0, 'High': 50778.0, 'Low': 50520.25, 'Close': 50524.75}","{'Open': 50599.45, 'High': 50767.5, 'Low': 50514.2, 'Close': 50525.0}","{'Open': 50613.0, 'High': 50769.0, 'Low': 50512.0, 'Close': 50535.5}","{'Open': 50622.53, 'High': 50787.08, 'Low': 50539.24, 'Close': 50539.24}","{'Open': 50608.04, 'High': 50757.79, 'Low': 50492.49, 'Close': 50506.61}"
2021-02-24 12:10:00,NO TRADES,"{'Open': 50476.33, 'High': 50772.0, 'Low': 50326.0, 'Close': 50772.0}","{'Open': 50524.13, 'High': 50826.97, 'Low': 50359.1, 'Close': 50826.97}","{'Open': 50550.0, 'High': 50837.4, 'Low': 50391.13, 'Close': 50837.4}","{'Open': 50550.32, 'High': 50864.17, 'Low': 50370.92, 'Close': 50851.89}","{'Open': 50526.25, 'High': 50849.51, 'Low': 50382.21, 'Close': 50849.51}","{'Open': 50520.25, 'High': 50837.25, 'Low': 50400.25, 'Close': 50837.25}","{'Open': 50535.63, 'High': 50829.5, 'Low': 50421.5, 'Close': 50829.5}","{'Open': 50552.5, 'High': 50838.0, 'Low': 50388.54, 'Close': 50838.0}","{'Open': 50564.53, 'High': 50837.38, 'Low': 50383.33, 'Close': 50837.38}","{'Open': 50492.07, 'High': 50832.83, 'Low': 50390.0, 'Close': 50825.95}"
2021-02-24 12:15:00,NO TRADES,"{'Open': 50773.23, 'High': 50906.36, 'Low': 50712.08, 'Close': 50712.08}","{'Open': 50831.12, 'High': 50955.83, 'Low': 50750.16, 'Close': 50787.35}","{'Open': 50804.58, 'High': 50940.74, 'Low': 50767.15, 'Close': 50776.5}","{'Open': 50849.34, 'High': 50949.51, 'Low': 50767.3, 'Close': 50768.54}","{'Open': 50785.43, 'High': 50963.21, 'Low': 50733.13, 'Close': 50772.78}","{'Open': 50839.75, 'High': 50964.17, 'Low': 50797.75, 'Close': 50820.0}","{'Open': 50819.95, 'High': 50939.5, 'Low': 50766.8, 'Close': 50772.5}","{'Open': 50840.5, 'High': 50973.5, 'Low': 50767.5, 'Close': 50787.0}","{'Open': 50852.41, 'High': 50971.96, 'Low': 50790.31, 'Close': 50806.2}","{'Open': 50830.59, 'High': 50969.22, 'Low': 50740.89, 'Close': 50768.61}"
2021-02-24 12:20:00,NO TRADES,"{'Open': 50717.0, 'High': 51060.08, 'Low': 50717.0, 'Close': 51029.0}","{'Open': 50756.53, 'High': 51140.11, 'Low': 50756.53, 'Close': 51101.74}","{'Open': 50790.07, 'High': 51151.89, 'Low': 50790.07, 'Close': 51134.84}","{'Open': 50768.54, 'High': 51140.15, 'Low': 50768.53, 'Close': 51127.27}","{'Open': 50771.42, 'High': 51176.25, 'Low': 50768.07, 'Close': 51111.29}","{'Open': 50830.25, 'High': 51150.38, 'Low': 50802.62, 'Close': 51135.0}","{'Open': 50770.2, 'High': 51158.1, 'Low': 50770.2, 'Close': 51115.9}","{'Open': 50794.5, 'High': 51144.0, 'Low': 50784.0, 'Close': 51106.0}","{'Open': 50765.5, 'High': 51147.64, 'Low': 50765.5, 'Close': 51143.8}","{'Open': 50768.61, 'High': 51147.0, 'Low': 50768.61, 'Close': 51123.4}"
2021-02-24 12:25:00,"{'Open': 51078.18, 'High': 51078.18, 'Low': 51078.18, 'Close': 51078.18}","{'Open': 51063.41, 'High': 51125.0, 'Low': 50906.0, 'Close': 51088.0}","{'Open': 51143.83, 'High': 51189.76, 'Low': 50943.59, 'Close': 51143.47}","{'Open': 51129.11, 'High': 51194.01, 'Low': 50986.43, 'Close': 51157.91}","{'Open': 51134.87, 'High': 51205.57, 'Low': 50947.97, 'Close': 51140.46}","{'Open': 51130.19, 'High': 51211.94, 'Low': 50973.85, 'Close': 51138.52}","{'Open': 51154.5, 'High': 51227.0, 'Low': 51000.25, 'Close': 51130.5}","{'Open': 51151.23, 'High': 51174.9, 'Low': 50968.0, 'Close': 51132.5}","{'Open': 51136.0, 'High': 51201.0, 'Low': 50953.0, 'Close': 51153.5}","{'Open': 51141.44, 'High': 51201.51, 'Low': 50981.45, 'Close': 51141.31}","{'Open': 51145.58, 'High': 51203.95, 'Low': 50968.34, 'Close': 51129.68}"
2021-02-24 12:30:00,NO TRADES,"{'Open': 51091.0, 'High': 51172.0, 'Low': 50992.79, 'Close': 51172.0}","{'Open': 51136.13, 'High': 51259.29, 'Low': 51054.01, 'Close': 51224.01}","{'Open': 51154.24, 'High': 51250.0, 'Low': 51089.17, 'Close': 51237.74}","{'Open': 51153.01, 'High': 51275.73, 'Low': 51045.3, 'Close': 51275.73}","{'Open': 51158.86, 'High': 51284.04, 'Low': 51055.64, 'Close': 51283.95}","{'Open': 51167.5, 'High': 51266.25, 'Low': 51080.25, 'Close': 51244.0}","{'Open': 51138.9, 'High': 51249.9, 'Low': 51030.7, 'Close': 51249.9}","{'Open': 51140.0, 'High': 51268.5, 'Low': 51036.0, 'Close': 51251.5}","{'Open': 51131.69, 'High': 51263.85, 'Low': 51062.77, 'Close': 51238.6}","{'Open': 51137.52, 'High': 51274.4, 'Low': 51023.87, 'Close': 51274.4}"
2021-02-24 12:35:00,"{'Open': 51229.87, 'High': 51229.87, 'Low': 51229.87, 'Close': 51229.87}","{'Open': 51171.0, 'High': 51200.0, 'Low': 51012.0, 'Close': 51132.0}","{'Open': 51249.82, 'High': 51315.46, 'Low': 51095.21, 'Close': 51205.8}","{'Open': 51254.73, 'High': 51300.0, 'Low': 51100.87, 'Close': 51186.95}","{'Open': 51271.29, 'High': 51315.05, 'Low': 51078.02, 'Close': 51200.88}","{'Open': 51287.67, 'High': 51340.6, 'Low': 51096.68, 'Close': 51236.86}","{'Open': 51275.5, 'High': 51311.31, 'Low': 51091.0, 'Close': 51215.75}","{'Open': 51250.0, 'High': 51283.3, 'Low': 51091.45, 'Close': 51203.0}","{'Open': 51244.5, 'High': 51297.5, 'Low': 51101.0, 'Close': 51153.0}","{'Open': 51297.3, 'High': 51338.42, 'Low': 51148.0, 'Close': 51174.06}","{'Open': 51282.68, 'High': 51310.99, 'Low': 51088.78, 'Close': 51195.4}"
2021-02-24 12:40:00,NO TRADES,"{'Open': 51103.0, 'High': 51109.0, 'Low': 50829.02, 'Close': 50875.0}","{'Open': 51193.18, 'High': 51193.18, 'Low': 50921.72, 'Close': 50927.2}","{'Open': 51124.79, 'High': 51199.45, 'Low': 50950.46, 'Close': 50956.16}","{'Open': 51195.26, 'High': 51195.26, 'Low': 50900.84, 'Close': 50906.76}","{'Open': 51236.81, 'High': 51236.81, 'Low': 50926.93, 'Close': 50949.94}","{'Open': 51217.0, 'High': 51217.0, 'Low': 50939.75, 'Close': 50939.75}","{'Open': 51190.1, 'High': 51190.1, 'Low': 50923.7, 'Close': 50931.0}","{'Open': 51119.0, 'High': 51168.0, 'Low': 50900.84, 'Close': 50912.51}","{'Open': 51199.2, 'High': 51199.33, 'Low': 50925.45, 'Close': 50925.45}","{'Open': 51206.72, 'High': 51206.72, 'Low': 50903.14, 'Close': 50908.57}"
2021-02-24 12:45:00,NO TRADES,"{'Open': 50873.17, 'High': 51013.23, 'Low': 50861.19, 'Close': 50992.0}","{'Open': 50927.25, 'High': 51071.04, 'Low': 50919.42, 'Close': 51052.65}","{'Open': 50940.23, 'High': 51101.04, 'Low': 50940.0, 'Close': 51045.79}","{'Open': 50901.44, 'High': 51082.66, 'Low': 50897.31, 'Close': 51030.21}","{'Open': 50946.95, 'High': 51080.24, 'Low': 50916.97, 'Close': 51056.68}","{'Open': 50934.0, 'High': 51088.5, 'Low': 50934.0, 'Close': 51049.75}","{'Open': 50929.2, 'High': 51076.5, 'Low': 50923.1, 'Close': 51063.9}","{'Open': 50921.1, 'High': 51088.5, 'Low': 50907.0, 'Close': 51028.5}","{'Open': 50928.21, 'High': 51087.65, 'Low': 50928.21, 'Close': 51034.08}","{'Open': 50899.0, 'High': 51085.75, 'Low': 50899.0, 'Close': 51018.21}"
2021-02-24 12:50:00,NO TRADES,"{'Open': 50993.0, 'High': 50995.5, 'Low': 50771.82, 'Close': 50811.0}","{'Open': 51055.75, 'High': 51056.63, 'Low': 50837.53, 'Close': 50848.25}","{'Open': 51064.31, 'High': 51064.31, 'Low': 50860.08, 'Close': 50875.84}","{'Open': 51034.57, 'High': 51034.57, 'Low': 50813.52, 'Close': 50846.71}","{'Open': 51041.81, 'High': 51070.19, 'Low': 50832.57, 'Close': 50898.23}","{'Open': 51053.75, 'High': 51053.75, 'Low': 50860.0, 'Close': 50860.0}","{'Open': 51048.85, 'High': 51048.85, 'Low': 50840.9, 'Close': 50867.1}","{'Open': 51040.5, 'High': 51040.5, 'Low': 50816.57, 'Close': 50845.62}","{'Open': 51076.42, 'High': 51076.42, 'Low': 50872.97, 'Close': 50897.0}","{'Open': 51029.16, 'High': 51043.34, 'Low': 50808.92, 'Close': 50847.48}"
2021-02-24 12:55:00,NO TRADES,"{'Open': 50812.0, 'High': 50834.0, 'Low': 50604.0, 'Close': 50725.9}","{'Open': 50871.95, 'High': 50882.07, 'Low': 50661.52, 'Close': 50744.2}","{'Open': 50887.68, 'High': 50903.11, 'Low': 50685.79, 'Close': 50774.4}","{'Open': 50849.99, 'High': 50850.0, 'Low': 50648.91, 'Close': 50738.3}","{'Open': 50898.26, 'High': 50898.26, 'Low': 50636.27, 'Close': 50742.99}","{'Open': 50876.5, 'High': 50880.0, 'Low': 50687.75, 'Close': 50734.0}","{'Open': 50873.8, 'High': 50875.2, 'Low': 50685.61, 'Close': 50746.3}","{'Open': 50850.0, 'High': 50850.0, 'Low': 50648.0, 'Close': 50714.5}","{'Open': 50893.71, 'High': 50893.71, 'Low': 50702.42, 'Close': 50734.95}","{'Open': 50850.0, 'High': 50850.0, 'Low': 50626.99, 'Close': 50709.43}"
2021-02-24 13:00:00,NO TRADES,"{'Open': 50715.33, 'High': 51055.0, 'Low': 50715.33, 'Close': 50895.0}","{'Open': 50758.51, 'High': 51080.27, 'Low': 50748.61, 'Close': 50962.81}","{'Open': 50761.77, 'High': 51089.15, 'Low': 50761.23, 'Close': 50960.12}","{'Open': 50738.3, 'High': 51112.82, 'Low': 50733.51, 'Close': 50972.5}","{'Open': 50784.52, 'High': 51110.88, 'Low': 50784.52, 'Close': 51101.77}","{'Open': 50762.75, 'High': 51095.25, 'Low': 50762.75, 'Close': 50980.25}","{'Open': 50760.0, 'High': 51097.3, 'Low': 50760.0, 'Close': 50961.1}","{'Open': 50788.0, 'High': 51089.5, 'Low': 50788.0, 'Close': 50943.25}","{'Open': 50775.85, 'High': 51105.22, 'Low': 50775.85, 'Close': 50967.34}","{'Open': 50745.92, 'High': 51088.87, 'Low': 50745.92, 'Close': 50963.07}"
2021-02-24 13:05:00,NO TRADES,"{'Open': 50890.21, 'High': 50890.21, 'Low': 50491.0, 'Close': 50534.0}","{'Open': 50963.94, 'High': 50963.94, 'Low': 50515.91, 'Close': 50565.27}","{'Open': 50935.1, 'High': 50935.1, 'Low': 50528.38, 'Close': 50575.92}","{'Open': 50972.5, 'High': 50972.5, 'Low': 50514.93, 'Close': 50579.14}","{'Open': 50930.05, 'High': 50930.05, 'Low': 50539.0, 'Close': 50565.98}","{'Open': 50970.0, 'High': 50970.0, 'Low': 50553.0, 'Close': 50600.25}","{'Open': 50967.4, 'High': 50967.4, 'Low': 50522.33, 'Close': 50585.9}","{'Open': 50908.96, 'High': 50908.96, 'Low': 50494.87, 'Close': 50571.75}","{'Open': 50979.78, 'High': 50979.78, 'Low': 50518.9, 'Close': 50557.01}","{'Open': 50930.6, 'High': 50930.6, 'Low': 50524.64, 'Close': 50556.81}"
2021-02-24 13:10:00,"{'Open': 50500.0, 'High': 50500.0, 'Low': 50500.0, 'Close': 50500.0}","{'Open': 50532.0, 'High': 50690.05, 'Low': 50375.0, 'Close': 50441.5}","{'Open': 50572.66, 'High': 50726.78, 'Low': 50394.52, 'Close': 50448.63}","{'Open': 50595.56, 'High': 50745.85, 'Low': 50442.33, 'Close': 50491.76}","{'Open': 50573.27, 'High': 50711.36, 'Low': 50395.21, 'Close': 50445.53}","{'Open': 50593.15, 'High': 50741.68, 'Low': 50418.0, 'Close': 50486.73}","{'Open': 50600.06, 'High': 50741.25, 'Low': 50460.0, 'Close': 50460.0}","{'Open': 50573.2, 'High': 50729.9, 'Low': 50405.3, 'Close': 50480.4}","{'Open': 50540.8, 'High': 50721.5, 'Low': 50367.5, 'Close': 50444.28}","{'Open': 50563.34, 'High': 50724.02, 'Low': 50409.57, 'Close': 50466.05}","{'Open': 50566.01, 'High': 50716.77, 'Low': 50393.85, 'Close': 50441.83}"
2021-02-24 13:15:00,"{'Open': 50124.32, 'High': 50124.32, 'Low': 49830.23, 'Close': 49839.99}","{'Open': 50431.0, 'High': 50431.0, 'Low': 49555.33, 'Close': 49555.33}","{'Open': 50446.1, 'High': 50446.1, 'Low': 49573.35, 'Close': 49573.35}","{'Open': 50423.73, 'High': 50423.73, 'Low': 49675.55, 'Close': 49684.38}","{'Open': 50442.5, 'High': 50442.5, 'Low': 49550.91, 'Close': 49560.07}","{'Open': 50434.37, 'High': 50434.37, 'Low': 49551.66, 'Close': 49551.68}","{'Open': 50480.0, 'High': 50480.0, 'Low': 49600.33, 'Close': 49600.33}","{'Open': 50469.8, 'High': 50469.8, 'Low': 49580.77, 'Close': 49585.7}","{'Open': 50439.0, 'High': 50439.0, 'Low': 49550.25, 'Close': 49550.25}","{'Open': 50476.25, 'High': 50476.25, 'Low': 49577.21, 'Close': 49577.21}","{'Open': 50403.22, 'High': 50403.22, 'Low': 49544.42, 'Close': 49554.75}"
2021-02-24 13:20:00,"{'Open': 49560.79, 'High': 49560.79, 'Low': 49560.79, 'Close': 49560.79}","{'Open': 49561.17, 'High': 49939.02, 'Low': 49416.72, 'Close': 49804.0}","{'Open': 49588.55, 'High': 49971.09, 'Low': 49449.69, 'Close': 49839.93}","{'Open': 49684.38, 'High': 49997.67, 'Low': 49535.98, 'Close': 49846.91}","{'Open': 49569.2, 'High': 49969.67, 'Low': 49491.85, 'Close': 49828.84}","{'Open': 49551.68, 'High': 50019.53, 'Low': 49485.0, 'Close': 49827.57}","{'Open': 49602.0, 'High': 49983.67, 'Low': 49528.91, 'Close': 49850.75}","{'Open': 49591.26, 'High': 49994.8, 'Low': 49525.14, 'Close': 49812.78}","{'Open': 49620.0, 'High': 49982.5, 'Low': 49483.22, 'Close': 49840.0}","{'Open': 49577.21, 'High': 49991.87, 'Low': 49521.89, 'Close': 49860.86}","{'Open': 49567.52, 'High': 49969.39, 'Low': 49500.18, 'Close': 49837.35}"
2021-02-24 13:25:00,NO TRADES,"{'Open': 49812.76, 'High': 49927.85, 'Low': 49530.77, 'Close': 49575.0}","{'Open': 49811.4, 'High': 49955.03, 'Low': 49564.67, 'Close': 49618.54}","{'Open': 49876.45, 'High': 49984.51, 'Low': 49660.0, 'Close': 49660.0}","{'Open': 49832.27, 'High': 49969.69, 'Low': 49571.82, 'Close': 49614.87}","{'Open': 49840.0, 'High': 49978.13, 'Low': 49566.08, 'Close': 49598.12}","{'Open': 49829.25, 'High': 49973.75, 'Low': 49606.0, 'Close': 49624.0}","{'Open': 49852.9, 'High': 49990.7, 'Low': 49572.94, 'Close': 49609.92}","{'Open': 49824.5, 'High': 49969.0, 'Low': 49540.17, 'Close': 49595.0}","{'Open': 49863.33, 'High': 49969.36, 'Low': 49602.29, 'Close': 49618.62}","{'Open': 49868.49, 'High': 49986.45, 'Low': 49566.9, 'Close': 49606.85}"
2021-02-24 13:30:00,"{'Open': 49325.3, 'High': 49325.29, 'Low': 49172.1, 'Close': 49206.42}","{'Open': 49574.33, 'High': 49735.0, 'Low': 49056.72, 'Close': 49195.54}","{'Open': 49624.96, 'High': 49767.36, 'Low': 49058.18, 'Close': 49118.89}","{'Open': 49663.49, 'High': 49817.68, 'Low': 49100.0, 'Close': 49195.29}","{'Open': 49713.28, 'High': 49782.67, 'Low': 49020.75, 'Close': 49158.24}","{'Open': 49620.52, 'High': 49756.2, 'Low': 48995.06, 'Close': 49162.0}","{'Open': 49654.75, 'High': 49767.62, 'Low': 49082.25, 'Close': 49200.25}","{'Open': 49646.1, 'High': 49794.8, 'Low': 49108.74, 'Close': 49172.3}","{'Open': 49723.0, 'High': 49772.5, 'Low': 49045.0, 'Close': 49141.5}","{'Open': 49627.76, 'High': 49798.07, 'Low': 49108.01, 'Close': 49188.37}","{'Open': 49620.0, 'High': 49769.36, 'Low': 49053.01, 'Close': 49143.49}"
2021-02-24 13:35:00,NO TRADES,"{'Open': 49131.0, 'High': 49538.5, 'Low': 49131.0, 'Close': 49237.33}","{'Open': 49110.71, 'High': 49520.0, 'Low': 49110.71, 'Close': 49269.17}","{'Open': 49164.28, 'High': 49579.86, 'Low': 49164.28, 'Close': 49295.59}","{'Open': 49141.86, 'High': 49520.0, 'Low': 49141.86, 'Close': 49258.2}","{'Open': 49151.67, 'High': 49500.0, 'Low': 49096.06, 'Close': 49227.09}","{'Open': 49158.0, 'High': 49539.35, 'Low': 49158.0, 'Close': 49243.0}","{'Open': 49152.9, 'High': 49553.75, 'Low': 49152.9, 'Close': 49290.82}","{'Open': 49152.58, 'High': 49520.0, 'Low': 49152.58, 'Close': 49196.62}","{'Open': 49177.35, 'High': 49567.34, 'Low': 49177.35, 'Close': 49287.52}","{'Open': 49129.5, 'High': 49522.91, 'Low': 49129.5, 'Close': 49256.56}"
2021-02-24 13:40:00,"{'Open': 49381.93, 'High': 49381.93, 'Low': 49381.93, 'Close': 49381.93}","{'Open': 49242.0, 'High': 49511.0, 'Low': 49242.0, 'Close': 49462.42}","{'Open': 49333.6, 'High': 49540.41, 'Low': 49333.6, 'Close': 49486.91}","{'Open': 49296.64, 'High': 49553.87, 'Low': 49295.02, 'Close': 49508.8}","{'Open': 49260.72, 'High': 49542.4, 'Low': 49260.72, 'Close': 49499.58}","{'Open': 49276.86, 'High': 49535.23, 'Low': 49276.86, 'Close': 49503.26}","{'Open': 49260.25, 'High': 49544.0, 'Low': 49260.25, 'Close': 49486.25}","{'Open': 49291.8, 'High': 49500.0, 'Low': 49291.8, 'Close': 49484.7}","{'Open': 49374.0, 'High': 49534.25, 'Low': 49322.62, 'Close': 49478.5}","{'Open': 49304.64, 'High': 49563.4, 'Low': 49304.64, 'Close': 49492.21}","{'Open': 49256.56, 'High': 49546.68, 'Low': 49248.98, 'Close': 49473.44}"
2021-02-24 13:45:00,"{'Open': 49634.04, 'High': 49870.34, 'Low': 49634.04, 'Close': 49870.34}","{'Open': 49446.69, 'High': 49831.95, 'Low': 49312.0, 'Close': 49733.86}","{'Open': 49475.57, 'High': 49852.85, 'Low': 49316.79, 'Close': 49743.06}","{'Open': 49490.23, 'High': 49878.08, 'Low': 49344.08, 'Close': 49734.81}","{'Open': 49493.14, 'High': 49865.72, 'Low': 49311.28, 'Close': 49745.18}","{'Open': 49498.94, 'High': 49873.56, 'Low': 49319.16, 'Close': 49751.1}","{'Open': 49486.25, 'High': 49872.75, 'Low': 49332.38, 'Close': 49748.5}","{'Open': 49492.4, 'High': 49864.4, 'Low': 49348.83, 'Close': 49726.9}","{'Open': 49477.5, 'High': 49853.75, 'Low': 49282.88, 'Close': 49727.0}","{'Open': 49494.68, 'High': 49884.03, 'Low': 49327.87, 'Close': 49764.21}","{'Open': 49473.44, 'High': 49863.23, 'Low': 49321.9, 'Close': 49782.18}"
2021-02-24 13:50:00,"{'Open': 49699.0, 'High': 49699.0, 'Low': 49699.0, 'Close': 49699.0}","{'Open': 49737.8, 'High': 49756.0, 'Low': 49511.0, 'Close': 49620.72}","{'Open': 49735.89, 'High': 49771.66, 'Low': 49550.0, 'Close': 49618.55}","{'Open': 49759.98, 'High': 49773.79, 'Low': 49550.36, 'Close': 49675.51}","{'Open': 49744.98, 'High': 49779.79, 'Low': 49535.58, 'Close': 49644.95}","{'Open': 49712.27, 'High': 49780.66, 'Low': 49520.92, 'Close': 49661.85}","{'Open': 49748.75, 'High': 49782.5, 'Low': 49560.0, 'Close': 49654.0}","{'Open': 49755.9, 'High': 49784.7, 'Low': 49539.8, 'Close': 49660.77}","{'Open': 49685.5, 'High': 49771.0, 'Low': 49494.12, 'Close': 49642.0}","{'Open': 49788.35, 'High': 49788.35, 'Low': 49541.72, 'Close': 49553.08}","{'Open': 49755.57, 'High': 49766.81, 'Low': 49527.25, 'Close': 49636.0}"
2021-02-24 13:55:00,NO TRADES,"{'Open': 49631.79, 'High': 49631.79, 'Low': 49372.2, 'Close': 49493.96}","{'Open': 49633.04, 'High': 49633.04, 'Low': 49394.26, 'Close': 49468.85}","{'Open': 49662.66, 'High': 49662.66, 'Low': 49410.01, 'Close': 49514.99}","{'Open': 49645.35, 'High': 49645.35, 'Low': 49378.71, 'Close': 49479.41}","{'Open': 49609.85, 'High': 49609.85, 'Low': 49372.19, 'Close': 49470.1}","{'Open': 49653.75, 'High': 49653.75, 'Low': 49392.5, 'Close': 49506.75}","{'Open': 49637.87, 'High': 49637.87, 'Low': 49371.49, 'Close': 49476.3}","{'Open': 49617.5, 'High': 49637.5, 'Low': 49358.0, 'Close': 49468.0}","{'Open': 49597.97, 'High': 49622.82, 'Low': 49418.73, 'Close': 49502.71}","{'Open': 49660.54, 'High': 49660.54, 'Low': 49379.23, 'Close': 49494.86}"
2021-02-24 14:00:00,NO TRADES,"{'Open': 49498.24, 'High': 49751.67, 'Low': 49487.6, 'Close': 49749.0}","{'Open': 49508.74, 'High': 49792.52, 'Low': 49508.74, 'Close': 49779.05}","{'Open': 49512.67, 'High': 49804.57, 'Low': 49512.67, 'Close': 49790.46}","{'Open': 49479.41, 'High': 49797.26, 'Low': 49479.41, 'Close': 49776.92}","{'Open': 49480.62, 'High': 49792.18, 'Low': 49480.62, 'Close': 49792.18}","{'Open': 49540.25, 'High': 49807.42, 'Low': 49540.25, 'Close': 49795.0}","{'Open': 49480.2, 'High': 49789.9, 'Low': 49480.2, 'Close': 49779.3}","{'Open': 49603.5, 'High': 49793.5, 'Low': 49581.25, 'Close': 49770.42}","{'Open': 49532.6, 'High': 49797.52, 'Low': 49532.6, 'Close': 49797.52}","{'Open': 49519.1, 'High': 49787.01, 'Low': 49519.1, 'Close': 49780.9}"
2021-02-24 14:05:00,"{'Open': 49700.0, 'High': 49700.0, 'Low': 49700.0, 'Close': 49700.0}","{'Open': 49735.0, 'High': 49748.0, 'Low': 49270.34, 'Close': 49319.34}","{'Open': 49758.76, 'High': 49772.82, 'Low': 49297.4, 'Close': 49338.54}","{'Open': 49796.76, 'High': 49796.76, 'Low': 49317.7, 'Close': 49340.4}","{'Open': 49775.0, 'High': 49787.02, 'Low': 49303.72, 'Close': 49367.52}","{'Open': 49768.43, 'High': 49781.0, 'Low': 49306.59, 'Close': 49353.97}","{'Open': 49781.0, 'High': 49781.0, 'Low': 49320.25, 'Close': 49362.62}","{'Open': 49775.0, 'High': 49780.3, 'Low': 49323.1, 'Close': 49344.9}","{'Open': 49774.75, 'High': 49774.75, 'Low': 49293.5, 'Close': 49331.0}","{'Open': 49759.89, 'High': 49759.89, 'Low': 49319.21, 'Close': 49336.6}","{'Open': 49757.36, 'High': 49757.36, 'Low': 49291.0, 'Close': 49359.1}"
2021-02-24 14:10:00,"{'Open': 49282.8, 'High': 49347.5, 'Low': 49282.8, 'Close': 49347.5}","{'Open': 49335.0, 'High': 49419.5, 'Low': 49135.91, 'Close': 49413.0}","{'Open': 49336.07, 'High': 49431.93, 'Low': 49186.83, 'Close': 49405.88}","{'Open': 49375.31, 'High': 49476.1, 'Low': 49189.59, 'Close': 49443.24}","{'Open': 49363.0, 'High': 49455.95, 'Low': 49156.93, 'Close': 49432.12}","{'Open': 49314.22, 'High': 49442.78, 'Low': 49155.52, 'Close': 49432.03}","{'Open': 49365.25, 'High': 49456.75, 'Low': 49200.25, 'Close': 49438.75}","{'Open': 49345.0, 'High': 49463.4, 'Low': 49168.0, 'Close': 49439.1}","{'Open': 49340.5, 'High': 49435.0, 'Low': 49169.0, 'Close': 49391.5}","{'Open': 49312.72, 'High': 49474.41, 'Low': 49174.28, 'Close': 49458.35}","{'Open': 49359.09, 'High': 49458.54, 'Low': 49125.84, 'Close': 49404.0}"
2021-02-24 14:15:00,"{'Open': 49516.91, 'High': 49516.91, 'Low': 49516.91, 'Close': 49516.91}","{'Open': 49415.0, 'High': 49625.0, 'Low': 49311.0, 'Close': 49624.5}","{'Open': 49447.3, 'High': 49651.97, 'Low': 49324.56, 'Close': 49631.2}","{'Open': 49447.14, 'High': 49677.08, 'Low': 49351.16, 'Close': 49677.06}","{'Open': 49442.47, 'High': 49655.62, 'Low': 49330.42, 'Close': 49649.32}","{'Open': 49447.63, 'High': 49649.04, 'Low': 49320.09, 'Close': 49642.87}","{'Open': 49438.75, 'High': 49622.75, 'Low': 49345.5, 'Close': 49622.75}","{'Open': 49446.5, 'High': 49672.0, 'Low': 49343.21, 'Close': 49660.4}","{'Open': 49433.0, 'High': 49663.0, 'Low': 49329.44, 'Close': 49636.5}","{'Open': 49393.12, 'High': 49658.73, 'Low': 49393.12, 'Close': 49640.12}","{'Open': 49416.9, 'High': 49650.0, 'Low': 49316.4, 'Close': 49637.0}"
2021-02-24 14:20:00,NO TRADES,"{'Open': 49614.17, 'High': 49614.17, 'Low': 49359.01, 'Close': 49365.0}","{'Open': 49636.81, 'High': 49636.81, 'Low': 49389.98, 'Close': 49420.39}","{'Open': 49670.3, 'High': 49670.3, 'Low': 49442.03, 'Close': 49442.03}","{'Open': 49646.08, 'High': 49649.31, 'Low': 49390.9, 'Close': 49419.89}","{'Open': 49641.96, 'High': 49641.96, 'Low': 49381.72, 'Close': 49401.9}","{'Open': 49622.75, 'High': 49622.75, 'Low': 49420.25, 'Close': 49420.38}","{'Open': 49651.0, 'High': 49651.0, 'Low': 49448.6, 'Close': 49448.6}","{'Open': 49620.0, 'High': 49620.0, 'Low': 49370.5, 'Close': 49370.5}","{'Open': 49640.08, 'High': 49640.08, 'Low': 49381.64, 'Close': 49407.05}","{'Open': 49637.0, 'High': 49637.0, 'Low': 49391.05, 'Close': 49433.63}"
2021-02-24 14:25:00,NO TRADES,"{'Open': 49400.0, 'High': 49520.91, 'Low': 49312.8, 'Close': 49466.0}","{'Open': 49412.31, 'High': 49537.68, 'Low': 49334.69, 'Close': 49492.37}","{'Open': 49453.3, 'High': 49541.43, 'Low': 49381.06, 'Close': 49483.99}","{'Open': 49419.88, 'High': 49541.51, 'Low': 49336.3, 'Close': 49493.88}","{'Open': 49428.77, 'High': 49535.76, 'Low': 49332.53, 'Close': 49507.37}","{'Open': 49420.5, 'High': 49530.5, 'Low': 49380.0, 'Close': 49502.75}","{'Open': 49448.6, 'High': 49546.8, 'Low': 49362.83, 'Close': 49533.6}","{'Open': 49459.0, 'High': 49530.0, 'Low': 49273.88, 'Close': 49477.0}","{'Open': 49435.71, 'High': 49554.48, 'Low': 49352.16, 'Close': 49504.47}","{'Open': 49445.89, 'High': 49539.4, 'Low': 49326.62, 'Close': 49487.9}"
2021-02-24 14:30:00,NO TRADES,"{'Open': 49487.0, 'High': 49664.78, 'Low': 49358.48, 'Close': 49378.0}","{'Open': 49490.4, 'High': 49681.3, 'Low': 49357.78, 'Close': 49380.42}","{'Open': 49529.67, 'High': 49670.77, 'Low': 49418.83, 'Close': 49425.52}","{'Open': 49483.59, 'High': 49675.57, 'Low': 49362.81, 'Close': 49391.5}","{'Open': 49507.37, 'High': 49664.24, 'Low': 49351.75, 'Close': 49397.88}","{'Open': 49520.5, 'High': 49691.5, 'Low': 49390.62, 'Close': 49416.25}","{'Open': 49533.6, 'High': 49665.4, 'Low': 49402.53, 'Close': 49415.7}","{'Open': 49544.5, 'High': 49663.5, 'Low': 49368.5, 'Close': 49392.5}","{'Open': 49495.5, 'High': 49668.45, 'Low': 49381.13, 'Close': 49381.13}","{'Open': 49506.05, 'High': 49664.18, 'Low': 49350.0, 'Close': 49382.93}"
2021-02-24 14:35:00,"{'Open': 49344.0, 'High': 49344.0, 'Low': 49344.0, 'Close': 49344.0}","{'Open': 49368.46, 'High': 49383.0, 'Low': 49132.35, 'Close': 49296.0}","{'Open': 49384.66, 'High': 49393.98, 'Low': 49156.08, 'Close': 49350.25}","{'Open': 49418.61, 'High': 49432.5, 'Low': 49156.84, 'Close': 49341.5}","{'Open': 49389.61, 'High': 49405.53, 'Low': 49113.75, 'Close': 49344.89}","{'Open': 49381.68, 'High': 49406.62, 'Low': 49149.65, 'Close': 49342.74}","{'Open': 49416.25, 'High': 49424.5, 'Low': 49175.39, 'Close': 49353.5}","{'Open': 49408.9, 'High': 49420.9, 'Low': 49152.7, 'Close': 49342.1}","{'Open': 49365.5, 'High': 49423.0, 'Low': 49150.0, 'Close': 49315.0}","{'Open': 49371.88, 'High': 49415.06, 'Low': 49187.43, 'Close': 49328.87}","{'Open': 49385.78, 'High': 49404.78, 'Low': 49143.38, 'Close': 49336.91}"
2021-02-24 14:40:00,"{'Open': 48975.06, 'High': 48975.06, 'Low': 48888.0, 'Close': 48888.0}","{'Open': 49327.67, 'High': 49337.63, 'Low': 48765.12, 'Close': 48777.04}","{'Open': 49350.25, 'High': 49385.5, 'Low': 48767.75, 'Close': 48771.77}","{'Open': 49403.33, 'High': 49403.33, 'Low': 48796.74, 'Close': 48805.0}","{'Open': 49336.12, 'High': 49368.74, 'Low': 48731.8, 'Close': 48755.71}","{'Open': 49338.11, 'High': 49354.68, 'Low': 48757.79, 'Close': 48765.76}","{'Open': 49363.0, 'High': 49383.5, 'Low': 48777.38, 'Close': 48807.25}","{'Open': 49342.1, 'High': 49363.4, 'Low': 48749.12, 'Close': 48815.4}","{'Open': 49369.5, 'High': 49369.5, 'Low': 48747.5, 'Close': 48800.5}","{'Open': 49362.29, 'High': 49389.56, 'Low': 48797.43, 'Close': 48844.77}","{'Open': 49328.86, 'High': 49351.76, 'Low': 48748.4, 'Close': 48772.52}"
2021-02-24 14:45:00,"{'Open': 49200.75, 'High': 49200.75, 'Low': 49200.75, 'Close': 49200.75}","{'Open': 48778.0, 'High': 49239.0, 'Low': 48775.33, 'Close': 49156.81}","{'Open': 48789.05, 'High': 49244.53, 'Low': 48770.82, 'Close': 49202.26}","{'Open': 48807.16, 'High': 49250.0, 'Low': 48804.23, 'Close': 49215.1}","{'Open': 48758.29, 'High': 49231.52, 'Low': 48758.29, 'Close': 49191.24}","{'Open': 48766.66, 'High': 49247.0, 'Low': 48742.07, 'Close': 49169.62}","{'Open': 48807.5, 'High': 49248.88, 'Low': 48792.0, 'Close': 49207.5}","{'Open': 48796.18, 'High': 49237.9, 'Low': 48775.8, 'Close': 49170.5}","{'Open': 48792.33, 'High': 49234.38, 'Low': 48792.33, 'Close': 49190.0}","{'Open': 48838.47, 'High': 49222.42, 'Low': 48838.47, 'Close': 49218.14}","{'Open': 48777.01, 'High': 49230.54, 'Low': 48770.64, 'Close': 49184.98}"
2021-02-24 14:50:00,"{'Open': 49026.73, 'High': 49026.73, 'Low': 49026.73, 'Close': 49026.73}","{'Open': 49170.93, 'High': 49192.4, 'Low': 48915.19, 'Close': 49040.3}","{'Open': 49184.83, 'High': 49195.53, 'Low': 48945.0, 'Close': 49052.85}","{'Open': 49193.47, 'High': 49193.47, 'Low': 48961.3, 'Close': 49073.51}","{'Open': 49187.76, 'High': 49187.76, 'Low': 48912.39, 'Close': 49043.56}","{'Open': 49165.74, 'High': 49196.97, 'Low': 48918.92, 'Close': 49033.18}","{'Open': 49180.0, 'High': 49211.5, 'Low': 48969.25, 'Close': 49079.25}","{'Open': 49172.1, 'High': 49172.1, 'Low': 48951.6, 'Close': 49063.6}","{'Open': 49172.51, 'High': 49219.0, 'Low': 48904.0, 'Close': 49107.5}","{'Open': 49157.74, 'High': 49192.58, 'Low': 48949.71, 'Close': 49078.55}","{'Open': 49180.44, 'High': 49192.3, 'Low': 48898.98, 'Close': 49055.27}"
2021-02-24 14:55:00,NO TRADES,"{'Open': 49049.0, 'High': 49443.3, 'Low': 49047.0, 'Close': 49408.0}","{'Open': 49056.24, 'High': 49443.25, 'Low': 49056.24, 'Close': 49434.82}","{'Open': 49102.06, 'High': 49473.14, 'Low': 49101.05, 'Close': 49473.14}","{'Open': 49054.27, 'High': 49449.63, 'Low': 49052.67, 'Close': 49428.93}","{'Open': 49043.82, 'High': 49460.59, 'Low': 49043.82, 'Close': 49424.75}","{'Open': 49070.5, 'High': 49450.75, 'Low': 49069.12, 'Close': 49427.25}","{'Open': 49068.6, 'High': 49448.45, 'Low': 49053.5, 'Close': 49434.3}","{'Open': 49090.0, 'High': 49443.5, 'Low': 49075.5, 'Close': 49443.5}","{'Open': 49059.55, 'High': 49460.47, 'Low': 49059.55, 'Close': 49416.13}","{'Open': 49072.36, 'High': 49444.47, 'Low': 49044.03, 'Close': 49432.76}"
2021-02-24 15:00:00,NO TRADES,"{'Open': 49410.0, 'High': 49654.48, 'Low': 49361.0, 'Close': 49521.0}","{'Open': 49426.74, 'High': 49642.59, 'Low': 49366.4, 'Close': 49512.41}","{'Open': 49445.43, 'High': 49670.73, 'Low': 49403.56, 'Close': 49541.64}","{'Open': 49428.37, 'High': 49641.29, 'Low': 49379.08, 'Close': 49512.46}","{'Open': 49435.86, 'High': 49659.06, 'Low': 49368.55, 'Close': 49518.35}","{'Open': 49433.25, 'High': 49640.0, 'Low': 49420.25, 'Close': 49546.75}","{'Open': 49433.2, 'High': 49653.5, 'Low': 49407.63, 'Close': 49528.97}","{'Open': 49441.5, 'High': 49639.0, 'Low': 49410.0, 'Close': 49549.5}","{'Open': 49385.65, 'High': 49623.65, 'Low': 49367.67, 'Close': 49531.02}","{'Open': 49430.41, 'High': 49643.07, 'Low': 49388.51, 'Close': 49505.21}"
2021-02-24 15:05:00,NO TRADES,"{'Open': 49514.0, 'High': 49514.0, 'Low': 49206.0, 'Close': 49206.52}","{'Open': 49502.5, 'High': 49506.64, 'Low': 49180.09, 'Close': 49180.09}","{'Open': 49542.06, 'High': 49542.06, 'Low': 49212.33, 'Close': 49244.6}","{'Open': 49512.38, 'High': 49512.38, 'Low': 49191.67, 'Close': 49191.67}","{'Open': 49526.51, 'High': 49543.86, 'Low': 49199.64, 'Close': 49209.37}","{'Open': 49546.0, 'High': 49546.0, 'Low': 49220.25, 'Close': 49220.25}","{'Open': 49521.0, 'High': 49522.2, 'Low': 49186.66, 'Close': 49195.73}","{'Open': 49473.0, 'High': 49480.0, 'Low': 49208.0, 'Close': 49263.0}","{'Open': 49531.58, 'High': 49531.57, 'Low': 49208.74, 'Close': 49212.15}","{'Open': 49524.94, 'High': 49530.92, 'Low': 49167.71, 'Close': 49167.7}"
2021-02-24 15:10:00,"{'Open': 49085.09, 'High': 49127.37, 'Low': 49085.09, 'Close': 49127.37}","{'Open': 49202.2, 'High': 49202.2, 'Low': 48857.48, 'Close': 48943.0}","{'Open': 49175.06, 'High': 49175.06, 'Low': 48871.0, 'Close': 48946.21}","{'Open': 49221.14, 'High': 49221.14, 'Low': 48901.0, 'Close': 48946.32}","{'Open': 49192.08, 'High': 49192.08, 'Low': 48864.04, 'Close': 48936.15}","{'Open': 49199.63, 'High': 49199.63, 'Low': 48859.72, 'Close': 48962.32}","{'Open': 49211.42, 'High': 49211.42, 'Low': 48892.5, 'Close': 48947.0}","{'Open': 49192.9, 'High': 49192.9, 'Low': 48900.1, 'Close': 48935.8}","{'Open': 49156.0, 'High': 49189.0, 'Low': 48862.0, 'Close': 48929.0}","{'Open': 49141.55, 'High': 49166.07, 'Low': 48879.71, 'Close': 48999.4}","{'Open': 49198.52, 'High': 49198.52, 'Low': 48859.79, 'Close': 48947.79}"
2021-02-24 15:15:00,NO TRADES,"{'Open': 48939.0, 'High': 49125.0, 'Low': 48658.85, 'Close': 48741.42}","{'Open': 48927.75, 'High': 49126.8, 'Low': 48686.94, 'Close': 48767.7}","{'Open': 48932.79, 'High': 49124.4, 'Low': 48728.82, 'Close': 48783.26}","{'Open': 48916.49, 'High': 49117.63, 'Low': 48674.93, 'Close': 48755.62}","{'Open': 48942.51, 'High': 49142.46, 'Low': 48676.35, 'Close': 48721.32}","{'Open': 48946.75, 'High': 49140.0, 'Low': 48689.75, 'Close': 48771.5}","{'Open': 48904.1, 'High': 49126.0, 'Low': 48711.75, 'Close': 48773.7}","{'Open': 48908.0, 'High': 49144.0, 'Low': 48687.35, 'Close': 48755.6}","{'Open': 48917.02, 'High': 49104.49, 'Low': 48693.43, 'Close': 48769.5}","{'Open': 48940.33, 'High': 49130.44, 'Low': 48675.31, 'Close': 48777.39}"
2021-02-24 15:20:00,"{'Open': 48631.44, 'High': 48661.0, 'Low': 48517.6, 'Close': 48661.0}","{'Open': 48709.26, 'High': 48842.67, 'Low': 48411.3, 'Close': 48821.86}","{'Open': 48740.39, 'High': 48871.47, 'Low': 48482.3, 'Close': 48871.47}","{'Open': 48763.86, 'High': 48859.14, 'Low': 48520.21, 'Close': 48859.14}","{'Open': 48731.61, 'High': 48869.17, 'Low': 48500.0, 'Close': 48851.05}","{'Open': 48690.82, 'High': 48863.2, 'Low': 48483.78, 'Close': 48859.85}","{'Open': 48718.58, 'High': 48885.25, 'Low': 48495.75, 'Close': 48880.0}","{'Open': 48737.63, 'High': 48868.82, 'Low': 48501.6, 'Close': 48856.1}","{'Open': 48667.5, 'High': 48834.5, 'Low': 48459.5, 'Close': 48834.5}","{'Open': 48704.28, 'High': 48787.79, 'Low': 48513.72, 'Close': 48787.79}","{'Open': 48720.03, 'High': 48869.32, 'Low': 48492.06, 'Close': 48833.63}"
2021-02-24 15:25:00,"{'Open': 48877.44, 'High': 48971.42, 'Low': 48865.41, 'Close': 48971.42}","{'Open': 48804.0, 'High': 49166.5, 'Low': 48777.0, 'Close': 49166.5}","{'Open': 48832.2, 'High': 49189.73, 'Low': 48813.46, 'Close': 49180.81}","{'Open': 48892.36, 'High': 49252.93, 'Low': 48892.36, 'Close': 49199.9}","{'Open': 48829.04, 'High': 49215.02, 'Low': 48810.4, 'Close': 49178.48}","{'Open': 48803.57, 'High': 49212.74, 'Low': 48803.57, 'Close': 49170.86}","{'Open': 48823.75, 'High': 49179.75, 'Low': 48821.0, 'Close': 49149.25}","{'Open': 48797.7, 'High': 49195.87, 'Low': 48797.7, 'Close': 49174.9}","{'Open': 48931.5, 'High': 49215.5, 'Low': 48892.5, 'Close': 49148.0}","{'Open': 48825.83, 'High': 49208.49, 'Low': 48825.83, 'Close': 49177.27}","{'Open': 48807.75, 'High': 49217.06, 'Low': 48807.75, 'Close': 49181.8}"
2021-02-24 15:30:00,"{'Open': 49304.15, 'High': 49304.15, 'Low': 49304.15, 'Close': 49304.15}","{'Open': 49143.33, 'High': 49337.0, 'Low': 48956.7, 'Close': 49299.0}","{'Open': 49176.97, 'High': 49364.12, 'Low': 49020.18, 'Close': 49324.99}","{'Open': 49180.0, 'High': 49374.84, 'Low': 49057.64, 'Close': 49340.86}","{'Open': 49170.05, 'High': 49374.11, 'Low': 49023.21, 'Close': 49300.72}","{'Open': 49170.86, 'High': 49379.49, 'Low': 49010.67, 'Close': 49325.71}","{'Open': 49149.0, 'High': 49379.75, 'Low': 49060.25, 'Close': 49319.5}","{'Open': 49174.7, 'High': 49366.6, 'Low': 49020.6, 'Close': 49350.0}","{'Open': 49124.0, 'High': 49359.5, 'Low': 49035.25, 'Close': 49359.5}","{'Open': 49183.8, 'High': 49406.76, 'Low': 49114.02, 'Close': 49289.84}","{'Open': 49171.11, 'High': 49378.38, 'Low': 49000.08, 'Close': 49310.48}"
2021-02-24 15:35:00,NO TRADES,"{'Open': 49273.5, 'High': 49584.5, 'Low': 49273.5, 'Close': 49405.79}","{'Open': 49282.64, 'High': 49573.73, 'Low': 49282.64, 'Close': 49418.04}","{'Open': 49344.14, 'High': 49577.75, 'Low': 49344.14, 'Close': 49439.91}","{'Open': 49301.31, 'High': 49612.72, 'Low': 49300.71, 'Close': 49423.28}","{'Open': 49290.7, 'High': 49632.09, 'Low': 49286.2, 'Close': 49477.76}","{'Open': 49302.75, 'High': 49585.5, 'Low': 49302.75, 'Close': 49442.0}","{'Open': 49315.5, 'High': 49590.45, 'Low': 49301.4, 'Close': 49441.7}","{'Open': 49278.0, 'High': 49582.25, 'Low': 49278.0, 'Close': 49434.5}","{'Open': 49288.2, 'High': 49582.43, 'Low': 49288.2, 'Close': 49451.42}","{'Open': 49304.86, 'High': 49595.87, 'Low': 49304.86, 'Close': 49432.05}"
2021-02-24 15:40:00,"{'Open': 49321.43, 'High': 49321.43, 'Low': 49321.43, 'Close': 49321.43}","{'Open': 49400.0, 'High': 49400.0, 'Low': 49139.67, 'Close': 49242.62}","{'Open': 49401.48, 'High': 49401.48, 'Low': 49148.14, 'Close': 49264.3}","{'Open': 49400.01, 'High': 49422.64, 'Low': 49204.89, 'Close': 49273.6}","{'Open': 49417.05, 'High': 49437.73, 'Low': 49185.23, 'Close': 49282.99}","{'Open': 49429.08, 'High': 49433.87, 'Low': 49176.15, 'Close': 49270.41}","{'Open': 49440.25, 'High': 49440.25, 'Low': 49200.25, 'Close': 49310.25}","{'Open': 49441.7, 'High': 49441.76, 'Low': 49179.6, 'Close': 49290.2}","{'Open': 49419.0, 'High': 49421.5, 'Low': 49155.5, 'Close': 49272.5}","{'Open': 49377.55, 'High': 49409.28, 'Low': 49155.98, 'Close': 49290.56}","{'Open': 49416.8, 'High': 49427.94, 'Low': 49180.82, 'Close': 49247.78}"
2021-02-24 15:45:00,NO TRADES,"{'Open': 49242.0, 'High': 49696.67, 'Low': 49242.0, 'Close': 49491.0}","{'Open': 49264.82, 'High': 49690.88, 'Low': 49264.82, 'Close': 49510.56}","{'Open': 49463.33, 'High': 49703.22, 'Low': 49463.33, 'Close': 49517.14}","{'Open': 49276.13, 'High': 49706.62, 'Low': 49271.69, 'Close': 49513.76}","{'Open': 49289.33, 'High': 49710.61, 'Low': 49259.57, 'Close': 49547.57}","{'Open': 49295.0, 'High': 49726.88, 'Low': 49295.0, 'Close': 49535.75}","{'Open': 49257.4, 'High': 49721.71, 'Low': 49257.4, 'Close': 49497.45}","{'Open': 49264.0, 'High': 49720.62, 'Low': 49264.0, 'Close': 49545.0}","{'Open': 49387.32, 'High': 49753.3, 'Low': 49387.32, 'Close': 49548.51}","{'Open': 49282.56, 'High': 49713.46, 'Low': 49267.53, 'Close': 49515.0}"
2021-02-24 15:50:00,NO TRADES,"{'Open': 49505.61, 'High': 49632.52, 'Low': 49499.05, 'Close': 49572.09}","{'Open': 49541.14, 'High': 49654.85, 'Low': 49525.96, 'Close': 49565.4}","{'Open': 49592.09, 'High': 49645.24, 'Low': 49558.6, 'Close': 49612.03}","{'Open': 49501.96, 'High': 49637.98, 'Low': 49500.85, 'Close': 49582.7}","{'Open': 49586.5, 'High': 49658.52, 'Low': 49546.32, 'Close': 49601.31}","{'Open': 49527.25, 'High': 49627.5, 'Low': 49527.25, 'Close': 49600.25}","{'Open': 49506.7, 'High': 49650.4, 'Low': 49506.7, 'Close': 49598.1}","{'Open': 49547.0, 'High': 49632.0, 'Low': 49522.0, 'Close': 49573.0}","{'Open': 49566.73, 'High': 49655.49, 'Low': 49506.87, 'Close': 49617.6}","{'Open': 49515.0, 'High': 49657.67, 'Low': 49514.91, 'Close': 49584.64}"
2021-02-24 15:55:00,NO TRADES,"{'Open': 49563.5, 'High': 49840.0, 'Low': 49563.5, 'Close': 49831.0}","{'Open': 49569.13, 'High': 49872.75, 'Low': 49569.13, 'Close': 49844.79}","{'Open': 49609.02, 'High': 49877.06, 'Low': 49604.26, 'Close': 49877.06}","{'Open': 49574.93, 'High': 49877.61, 'Low': 49574.93, 'Close': 49850.23}","{'Open': 49578.09, 'High': 49885.97, 'Low': 49578.09, 'Close': 49869.66}","{'Open': 49600.25, 'High': 49874.5, 'Low': 49600.25, 'Close': 49862.5}","{'Open': 49598.2, 'High': 49903.64, 'Low': 49587.95, 'Close': 49850.0}","{'Open': 49578.5, 'High': 49877.5, 'Low': 49578.5, 'Close': 49845.81}","{'Open': 49585.16, 'High': 49881.16, 'Low': 49585.16, 'Close': 49832.52}","{'Open': 49574.38, 'High': 49880.82, 'Low': 49574.38, 'Close': 49843.7}"
2021-02-24 16:00:00,"{'Open': 50156.66, 'High': 50156.67, 'Low': 50014.08, 'Close': 50014.08}","{'Open': 49835.01, 'High': 50099.5, 'Low': 49769.69, 'Close': 49902.55}","{'Open': 49847.29, 'High': 50136.83, 'Low': 49791.17, 'Close': 49920.85}","{'Open': 49860.12, 'High': 50149.73, 'Low': 49844.52, 'Close': 49974.54}","{'Open': 49850.0, 'High': 50138.72, 'Low': 49803.04, 'Close': 49914.51}","{'Open': 49890.56, 'High': 50138.01, 'Low': 49815.3, 'Close': 49986.29}","{'Open': 49879.5, 'High': 50169.75, 'Low': 49820.0, 'Close': 49950.0}","{'Open': 49851.6, 'High': 50165.45, 'Low': 49809.7, 'Close': 49948.6}","{'Open': 49866.0, 'High': 50143.5, 'Low': 49787.5, 'Close': 49908.33}","{'Open': 49886.96, 'High': 50158.92, 'Low': 49821.69, 'Close': 49937.14}","{'Open': 49847.66, 'High': 50139.24, 'Low': 49809.21, 'Close': 49927.01}"
2021-02-24 16:05:00,"{'Open': 49969.31, 'High': 49969.31, 'Low': 49969.31, 'Close': 49969.31}","{'Open': 49896.44, 'High': 49989.93, 'Low': 49764.0, 'Close': 49842.18}","{'Open': 49921.26, 'High': 50011.0, 'Low': 49774.03, 'Close': 49881.32}","{'Open': 49949.98, 'High': 49999.0, 'Low': 49833.17, 'Close': 49908.56}","{'Open': 49914.5, 'High': 49996.34, 'Low': 49791.31, 'Close': 49875.94}","{'Open': 49947.62, 'High': 50022.24, 'Low': 49792.84, 'Close': 49892.74}","{'Open': 49927.75, 'High': 50019.75, 'Low': 49800.5, 'Close': 49909.75}","{'Open': 49919.0, 'High': 49997.5, 'Low': 49791.27, 'Close': 49887.7}","{'Open': 49915.0, 'High': 49979.39, 'Low': 49779.0, 'Close': 49882.0}","{'Open': 49927.03, 'High': 50015.27, 'Low': 49807.68, 'Close': 49902.18}","{'Open': 49896.79, 'High': 50010.33, 'Low': 49794.6, 'Close': 49875.97}"
2021-02-24 16:10:00,"{'Open': 49769.03, 'High': 49769.03, 'Low': 49766.55, 'Close': 49766.55}","{'Open': 49845.73, 'High': 49869.98, 'Low': 49634.15, 'Close': 49747.0}","{'Open': 49880.09, 'High': 49903.2, 'Low': 49692.0, 'Close': 49781.17}","{'Open': 49921.32, 'High': 49929.83, 'Low': 49700.56, 'Close': 49757.1}","{'Open': 49887.21, 'High': 49908.65, 'Low': 49661.8, 'Close': 49747.13}","{'Open': 49878.23, 'High': 49935.19, 'Low': 49670.99, 'Close': 49782.65}","{'Open': 49909.75, 'High': 49910.5, 'Low': 49690.0, 'Close': 49781.0}","{'Open': 49891.4, 'High': 49916.7, 'Low': 49672.16, 'Close': 49782.33}","{'Open': 49867.0, 'High': 49867.0, 'Low': 49672.5, 'Close': 49762.0}","{'Open': 49920.26, 'High': 49920.26, 'Low': 49702.6, 'Close': 49738.48}","{'Open': 49882.79, 'High': 49882.79, 'Low': 49665.01, 'Close': 49751.0}"
2021-02-24 16:15:00,NO TRADES,"{'Open': 49738.0, 'High': 49738.0, 'Low': 49567.0, 'Close': 49567.0}","{'Open': 49748.67, 'High': 49748.67, 'Low': 49571.76, 'Close': 49582.25}","{'Open': 49772.59, 'High': 49793.66, 'Low': 49606.79, 'Close': 49606.79}","{'Open': 49747.88, 'High': 49752.62, 'Low': 49569.86, 'Close': 49597.35}","{'Open': 49795.14, 'High': 49795.14, 'Low': 49586.1, 'Close': 49628.88}","{'Open': 49770.88, 'High': 49770.88, 'Low': 49600.0, 'Close': 49616.75}","{'Open': 49765.5, 'High': 49765.5, 'Low': 49581.7, 'Close': 49606.4}","{'Open': 49762.0, 'High': 49762.0, 'Low': 49551.0, 'Close': 49589.0}","{'Open': 49779.28, 'High': 49779.28, 'Low': 49584.75, 'Close': 49612.16}","{'Open': 49750.0, 'High': 49750.0, 'Low': 49558.26, 'Close': 49592.4}"
2021-02-24 16:20:00,"{'Open': 49449.13, 'High': 49449.13, 'Low': 49449.13, 'Close': 49449.13}","{'Open': 49567.0, 'High': 49814.0, 'Low': 49391.22, 'Close': 49529.66}","{'Open': 49594.64, 'High': 49847.55, 'Low': 49432.86, 'Close': 49547.08}","{'Open': 49613.04, 'High': 49841.48, 'Low': 49468.01, 'Close': 49551.43}","{'Open': 49597.12, 'High': 49813.07, 'Low': 49404.95, 'Close': 49554.63}","{'Open': 49642.9, 'High': 49798.19, 'Low': 49432.87, 'Close': 49564.24}","{'Open': 49616.75, 'High': 49837.75, 'Low': 49460.0, 'Close': 49543.25}","{'Open': 49602.2, 'High': 49823.8, 'Low': 49436.7, 'Close': 49547.4}","{'Open': 49598.5, 'High': 49839.25, 'Low': 49382.5, 'Close': 49553.5}","{'Open': 49613.65, 'High': 49855.47, 'Low': 49471.26, 'Close': 49552.77}","{'Open': 49574.17, 'High': 49838.26, 'Low': 49423.82, 'Close': 49547.32}"
2021-02-24 16:25:00,"{'Open': 49640.73, 'High': 49640.73, 'Low': 49584.9, 'Close': 49584.9}","{'Open': 49542.76, 'High': 49622.62, 'Low': 49450.03, 'Close': 49487.0}","{'Open': 49567.25, 'High': 49642.16, 'Low': 49459.06, 'Close': 49502.8}","{'Open': 49567.68, 'High': 49643.43, 'Low': 49503.69, 'Close': 49527.94}","{'Open': 49554.63, 'High': 49633.94, 'Low': 49464.19, 'Close': 49513.85}","{'Open': 49588.71, 'High': 49667.88, 'Low': 49464.1, 'Close': 49510.48}","{'Open': 49575.12, 'High': 49653.33, 'Low': 49491.0, 'Close': 49511.5}","{'Open': 49556.2, 'High': 49639.3, 'Low': 49507.1, 'Close': 49508.7}","{'Open': 49576.25, 'High': 49621.75, 'Low': 49456.0, 'Close': 49490.0}","{'Open': 49573.14, 'High': 49661.79, 'Low': 49497.23, 'Close': 49521.11}","{'Open': 49563.4, 'High': 49654.27, 'Low': 49468.02, 'Close': 49518.52}"
2021-02-24 16:30:00,"{'Open': 49537.17, 'High': 49537.17, 'Low': 49537.17, 'Close': 49537.17}","{'Open': 49478.0, 'High': 49752.0, 'Low': 49478.0, 'Close': 49638.5}","{'Open': 49520.12, 'High': 49781.99, 'Low': 49490.24, 'Close': 49662.88}","{'Open': 49518.66, 'High': 49821.32, 'Low': 49518.66, 'Close': 49703.75}","{'Open': 49524.42, 'High': 49800.79, 'Low': 49501.01, 'Close': 49685.0}","{'Open': 49537.49, 'High': 49808.62, 'Low': 49504.42, 'Close': 49705.77}","{'Open': 49526.0, 'High': 49804.62, 'Low': 49489.5, 'Close': 49692.25}","{'Open': 49529.2, 'High': 49759.4, 'Low': 49513.3, 'Close': 49714.3}","{'Open': 49508.0, 'High': 49806.0, 'Low': 49480.5, 'Close': 49687.5}","{'Open': 49539.69, 'High': 49743.36, 'Low': 49515.65, 'Close': 49691.89}","{'Open': 49536.01, 'High': 49785.58, 'Low': 49485.85, 'Close': 49681.81}"
2021-02-24 16:35:00,NO TRADES,"{'Open': 49667.75, 'High': 49834.77, 'Low': 49647.0, 'Close': 49749.8}","{'Open': 49691.35, 'High': 49877.7, 'Low': 49669.69, 'Close': 49764.21}","{'Open': 49701.35, 'High': 49860.09, 'Low': 49701.35, 'Close': 49800.83}","{'Open': 49691.73, 'High': 49882.8, 'Low': 49690.0, 'Close': 49767.14}","{'Open': 49711.98, 'High': 49907.16, 'Low': 49674.85, 'Close': 49750.0}","{'Open': 49706.25, 'High': 49860.0, 'Low': 49694.0, 'Close': 49772.25}","{'Open': 49714.4, 'High': 49892.51, 'Low': 49714.3, 'Close': 49795.8}","{'Open': 49689.5, 'High': 49850.25, 'Low': 49683.5, 'Close': 49744.0}","{'Open': 49681.99, 'High': 49887.59, 'Low': 49681.99, 'Close': 49767.84}","{'Open': 49690.91, 'High': 49892.65, 'Low': 49687.32, 'Close': 49751.94}"
2021-02-24 16:40:00,NO TRADES,"{'Open': 49731.0, 'High': 49731.0, 'Low': 49575.05, 'Close': 49604.0}","{'Open': 49756.11, 'High': 49756.11, 'Low': 49593.0, 'Close': 49631.97}","{'Open': 49781.71, 'High': 49781.71, 'Low': 49606.63, 'Close': 49653.43}","{'Open': 49764.91, 'High': 49764.91, 'Low': 49600.01, 'Close': 49625.56}","{'Open': 49750.0, 'High': 49751.49, 'Low': 49614.95, 'Close': 49676.93}","{'Open': 49768.0, 'High': 49768.0, 'Low': 49604.88, 'Close': 49640.25}","{'Open': 49791.45, 'High': 49791.45, 'Low': 49621.4, 'Close': 49653.2}","{'Open': 49730.0, 'High': 49730.0, 'Low': 49609.0, 'Close': 49630.93}","{'Open': 49751.74, 'High': 49751.74, 'Low': 49641.74, 'Close': 49641.74}","{'Open': 49751.94, 'High': 49751.94, 'Low': 49609.61, 'Close': 49629.74}"
2021-02-24 16:45:00,NO TRADES,"{'Open': 49602.5, 'High': 49658.55, 'Low': 49521.33, 'Close': 49635.0}","{'Open': 49609.74, 'High': 49674.99, 'Low': 49537.17, 'Close': 49651.51}","{'Open': 49591.42, 'High': 49678.13, 'Low': 49578.81, 'Close': 49678.13}","{'Open': 49625.57, 'High': 49694.47, 'Low': 49556.97, 'Close': 49670.03}","{'Open': 49642.57, 'High': 49704.96, 'Low': 49544.38, 'Close': 49686.74}","{'Open': 49640.25, 'High': 49692.0, 'Low': 49600.25, 'Close': 49671.75}","{'Open': 49653.1, 'High': 49677.8, 'Low': 49595.3, 'Close': 49658.82}","{'Open': 49623.5, 'High': 49685.5, 'Low': 49564.5, 'Close': 49669.0}","{'Open': 49635.51, 'High': 49684.59, 'Low': 49574.06, 'Close': 49676.9}","{'Open': 49636.04, 'High': 49703.71, 'Low': 49565.11, 'Close': 49666.08}"
2021-02-24 16:50:00,NO TRADES,"{'Open': 49605.15, 'High': 49766.32, 'Low': 49505.19, 'Close': 49507.65}","{'Open': 49653.17, 'High': 49799.47, 'Low': 49566.65, 'Close': 49566.66}","{'Open': 49673.22, 'High': 49820.94, 'Low': 49592.57, 'Close': 49614.22}","{'Open': 49667.89, 'High': 49823.83, 'Low': 49553.15, 'Close': 49553.16}","{'Open': 49667.28, 'High': 49830.61, 'Low': 49589.89, 'Close': 49593.07}","{'Open': 49640.0, 'High': 49815.38, 'Low': 49580.0, 'Close': 49580.0}","{'Open': 49650.1, 'High': 49816.88, 'Low': 49600.4, 'Close': 49600.45}","{'Open': 49658.0, 'High': 49809.0, 'Low': 49591.0, 'Close': 49591.0}","{'Open': 49629.4, 'High': 49809.68, 'Low': 49568.21, 'Close': 49568.2}","{'Open': 49670.29, 'High': 49809.0, 'Low': 49559.33, 'Close': 49559.33}"
2021-02-24 16:55:00,NO TRADES,"{'Open': 49497.33, 'High': 49578.45, 'Low': 49299.56, 'Close': 49320.33}","{'Open': 49545.49, 'High': 49617.02, 'Low': 49335.81, 'Close': 49341.98}","{'Open': 49589.96, 'High': 49612.93, 'Low': 49360.01, 'Close': 49360.01}","{'Open': 49550.01, 'High': 49620.29, 'Low': 49353.95, 'Close': 49371.5}","{'Open': 49584.23, 'High': 49620.0, 'Low': 49338.66, 'Close': 49393.64}","{'Open': 49600.0, 'High': 49627.5, 'Low': 49380.0, 'Close': 49385.75}","{'Open': 49591.5, 'High': 49616.2, 'Low': 49357.55, 'Close': 49400.0}","{'Open': 49593.5, 'High': 49621.0, 'Low': 49343.0, 'Close': 49362.5}","{'Open': 49567.0, 'High': 49622.53, 'Low': 49355.08, 'Close': 49405.8}","{'Open': 49552.67, 'High': 49607.81, 'Low': 49328.53, 'Close': 49371.52}"
2021-02-24 17:00:00,NO TRADES,"{'Open': 49313.41, 'High': 49581.0, 'Low': 49313.41, 'Close': 49580.0}","{'Open': 49337.75, 'High': 49633.96, 'Low': 49337.75, 'Close': 49616.84}","{'Open': 49435.14, 'High': 49662.18, 'Low': 49380.08, 'Close': 49651.28}","{'Open': 49367.19, 'High': 49647.09, 'Low': 49367.19, 'Close': 49645.85}","{'Open': 49391.94, 'High': 49668.22, 'Low': 49385.52, 'Close': 49657.68}","{'Open': 49421.92, 'High': 49640.62, 'Low': 49391.62, 'Close': 49640.0}","{'Open': 49400.05, 'High': 49656.82, 'Low': 49400.05, 'Close': 49627.02}","{'Open': 49401.0, 'High': 49649.0, 'Low': 49355.5, 'Close': 49642.0}","{'Open': 49407.81, 'High': 49654.89, 'Low': 49364.96, 'Close': 49641.29}","{'Open': 49368.78, 'High': 49655.85, 'Low': 49354.01, 'Close': 49640.17}"
2021-02-24 17:05:00,"{'Open': 49717.23, 'High': 49717.23, 'Low': 49717.23, 'Close': 49717.23}","{'Open': 49579.0, 'High': 49930.0, 'Low': 49515.48, 'Close': 49882.67}","{'Open': 49623.2, 'High': 49978.47, 'Low': 49547.65, 'Close': 49872.37}","{'Open': 49670.73, 'High': 50000.0, 'Low': 49588.79, 'Close': 49990.0}","{'Open': 49646.34, 'High': 49990.68, 'Low': 49562.77, 'Close': 49928.58}","{'Open': 49647.8, 'High': 50005.2, 'Low': 49598.32, 'Close': 49977.76}","{'Open': 49662.5, 'High': 50000.0, 'Low': 49600.0, 'Close': 49975.5}","{'Open': 49655.6, 'High': 50000.0, 'Low': 49571.33, 'Close': 49965.6}","{'Open': 49642.5, 'High': 49975.0, 'Low': 49543.0, 'Close': 49956.25}","{'Open': 49660.08, 'High': 50004.3, 'Low': 49590.78, 'Close': 49969.72}","{'Open': 49647.44, 'High': 49997.49, 'Low': 49550.47, 'Close': 49930.0}"
2021-02-24 17:10:00,NO TRADES,"{'Open': 49879.16, 'High': 49923.0, 'Low': 49710.37, 'Close': 49743.0}","{'Open': 49919.28, 'High': 49978.47, 'Low': 49724.36, 'Close': 49783.85}","{'Open': 49972.62, 'High': 49982.77, 'Low': 49791.35, 'Close': 49791.35}","{'Open': 49929.44, 'High': 49979.19, 'Low': 49747.58, 'Close': 49789.39}","{'Open': 49936.48, 'High': 50016.49, 'Low': 49782.61, 'Close': 49784.84}","{'Open': 49962.75, 'High': 49994.75, 'Low': 49786.58, 'Close': 49816.83}","{'Open': 49956.6, 'High': 49982.13, 'Low': 49757.21, 'Close': 49793.0}","{'Open': 49940.5, 'High': 49981.5, 'Low': 49750.0, 'Close': 49787.0}","{'Open': 49956.07, 'High': 49987.48, 'Low': 49759.58, 'Close': 49802.92}","{'Open': 49950.17, 'High': 49981.84, 'Low': 49755.0, 'Close': 49793.75}"
2021-02-24 17:15:00,NO TRADES,"{'Open': 49756.0, 'High': 49877.42, 'Low': 49754.0, 'Close': 49843.5}","{'Open': 49781.27, 'High': 49925.62, 'Low': 49781.27, 'Close': 49883.86}","{'Open': 49823.66, 'High': 49911.16, 'Low': 49822.63, 'Close': 49883.52}","{'Open': 49780.89, 'High': 49921.06, 'Low': 49780.89, 'Close': 49878.29}","{'Open': 49786.73, 'High': 49940.32, 'Low': 49786.73, 'Close': 49896.1}","{'Open': 49815.75, 'High': 49932.25, 'Low': 49815.75, 'Close': 49898.5}","{'Open': 49810.1, 'High': 49925.4, 'Low': 49810.1, 'Close': 49887.4}","{'Open': 49782.0, 'High': 49924.0, 'Low': 49780.0, 'Close': 49890.0}","{'Open': 49873.32, 'High': 49935.88, 'Low': 49816.38, 'Close': 49881.03}","{'Open': 49819.0, 'High': 49932.93, 'Low': 49794.99, 'Close': 49887.99}"
2021-02-24 17:20:00,NO TRADES,"{'Open': 49849.0, 'High': 49924.48, 'Low': 49815.0, 'Close': 49845.0}","{'Open': 49882.32, 'High': 49966.37, 'Low': 49852.72, 'Close': 49912.1}","{'Open': 49883.52, 'High': 49961.66, 'Low': 49842.74, 'Close': 49916.52}","{'Open': 49876.97, 'High': 49961.43, 'Low': 49842.4, 'Close': 49927.75}","{'Open': 49888.37, 'High': 49983.28, 'Low': 49857.42, 'Close': 49935.46}","{'Open': 49876.25, 'High': 49960.0, 'Low': 49860.75, 'Close': 49943.0}","{'Open': 49871.5, 'High': 49970.7, 'Low': 49852.5, 'Close': 49921.5}","{'Open': 49854.25, 'High': 49943.0, 'Low': 49837.0, 'Close': 49881.0}","{'Open': 49864.66, 'High': 49979.91, 'Low': 49853.3, 'Close': 49903.99}","{'Open': 49850.55, 'High': 49965.6, 'Low': 49841.16, 'Close': 49933.46}"
2021-02-24 17:25:00,"{'Open': 49779.0, 'High': 49779.0, 'Low': 49779.0, 'Close': 49779.0}","{'Open': 49833.13, 'High': 49864.9, 'Low': 49700.0, 'Close': 49701.0}","{'Open': 49911.26, 'High': 49912.1, 'Low': 49733.11, 'Close': 49736.04}","{'Open': 49892.47, 'High': 49892.47, 'Low': 49723.13, 'Close': 49740.24}","{'Open': 49919.43, 'High': 49919.43, 'Low': 49728.45, 'Close': 49740.88}","{'Open': 49935.46, 'High': 49935.46, 'Low': 49733.8, 'Close': 49772.89}","{'Open': 49911.12, 'High': 49911.25, 'Low': 49760.25, 'Close': 49760.25}","{'Open': 49903.9, 'High': 49903.9, 'Low': 49731.84, 'Close': 49741.1}","{'Open': 49912.0, 'High': 49912.0, 'Low': 49707.5, 'Close': 49734.23}","{'Open': 49877.29, 'High': 49906.4, 'Low': 49744.76, 'Close': 49744.76}","{'Open': 49882.15, 'High': 49903.82, 'Low': 49721.63, 'Close': 49754.11}"
2021-02-24 17:30:00,NO TRADES,"{'Open': 49715.0, 'High': 49847.0, 'Low': 49611.35, 'Close': 49670.0}","{'Open': 49767.25, 'High': 49900.9, 'Low': 49657.21, 'Close': 49701.95}","{'Open': 49759.47, 'High': 49883.93, 'Low': 49658.83, 'Close': 49684.83}","{'Open': 49744.14, 'High': 49900.0, 'Low': 49642.76, 'Close': 49696.16}","{'Open': 49771.38, 'High': 49923.24, 'Low': 49647.68, 'Close': 49719.98}","{'Open': 49763.0, 'High': 49900.0, 'Low': 49660.0, 'Close': 49697.5}","{'Open': 49741.1, 'High': 49898.5, 'Low': 49651.68, 'Close': 49687.9}","{'Open': 49731.5, 'High': 49872.5, 'Low': 49616.0, 'Close': 49636.0}","{'Open': 49756.84, 'High': 49914.52, 'Low': 49664.32, 'Close': 49664.32}","{'Open': 49736.75, 'High': 49914.59, 'Low': 49629.06, 'Close': 49678.19}"
2021-02-24 17:35:00,"{'Open': 49704.36, 'High': 49731.74, 'Low': 49704.36, 'Close': 49731.74}","{'Open': 49662.0, 'High': 49821.0, 'Low': 49629.5, 'Close': 49759.0}","{'Open': 49680.05, 'High': 49865.23, 'Low': 49668.65, 'Close': 49788.29}","{'Open': 49709.18, 'High': 49800.0, 'Low': 49692.91, 'Close': 49800.0}","{'Open': 49697.6, 'High': 49855.28, 'Low': 49662.74, 'Close': 49774.96}","{'Open': 49719.98, 'High': 49877.48, 'Low': 49687.32, 'Close': 49814.15}","{'Open': 49697.5, 'High': 49859.0, 'Low': 49661.5, 'Close': 49841.12}","{'Open': 49695.7, 'High': 49847.0, 'Low': 49682.1, 'Close': 49800.0}","{'Open': 49700.5, 'High': 49831.0, 'Low': 49661.5, 'Close': 49776.5}","{'Open': 49708.15, 'High': 49870.55, 'Low': 49674.31, 'Close': 49832.67}","{'Open': 49700.4, 'High': 49860.97, 'Low': 49665.54, 'Close': 49788.83}"
2021-02-24 17:40:00,NO TRADES,"{'Open': 49746.0, 'High': 49887.0, 'Low': 49724.39, 'Close': 49872.5}","{'Open': 49760.84, 'High': 49922.97, 'Low': 49741.38, 'Close': 49880.27}","{'Open': 49746.17, 'High': 49926.72, 'Low': 49746.17, 'Close': 49905.54}","{'Open': 49776.56, 'High': 49928.15, 'Low': 49758.15, 'Close': 49901.88}","{'Open': 49814.15, 'High': 49943.77, 'Low': 49758.52, 'Close': 49916.56}","{'Open': 49800.25, 'High': 49927.75, 'Low': 49771.5, 'Close': 49900.25}","{'Open': 49800.1, 'High': 49900.0, 'Low': 49760.5, 'Close': 49888.9}","{'Open': 49771.0, 'High': 49931.5, 'Low': 49748.0, 'Close': 49885.0}","{'Open': 49781.56, 'High': 49928.38, 'Low': 49756.98, 'Close': 49892.96}","{'Open': 49797.23, 'High': 49937.3, 'Low': 49743.33, 'Close': 49900.43}"
2021-02-24 17:45:00,NO TRADES,"{'Open': 49864.18, 'High': 49893.81, 'Low': 49769.06, 'Close': 49778.0}","{'Open': 49906.96, 'High': 49918.24, 'Low': 49769.15, 'Close': 49792.94}","{'Open': 49905.99, 'High': 49910.9, 'Low': 49800.0, 'Close': 49800.0}","{'Open': 49901.88, 'High': 49920.24, 'Low': 49790.1, 'Close': 49819.12}","{'Open': 49916.57, 'High': 49935.9, 'Low': 49817.21, 'Close': 49831.57}","{'Open': 49926.25, 'High': 49926.25, 'Low': 49805.5, 'Close': 49805.75}","{'Open': 49890.3, 'High': 49900.0, 'Low': 49795.2, 'Close': 49795.2}","{'Open': 49888.0, 'High': 49926.5, 'Low': 49782.5, 'Close': 49800.0}","{'Open': 49889.13, 'High': 49939.33, 'Low': 49797.69, 'Close': 49806.7}","{'Open': 49900.43, 'High': 49939.83, 'Low': 49780.49, 'Close': 49813.23}"
2021-02-24 17:50:00,NO TRADES,"{'Open': 49789.0, 'High': 49844.45, 'Low': 49775.0, 'Close': 49820.0}","{'Open': 49797.04, 'High': 49880.28, 'Low': 49796.06, 'Close': 49840.58}","{'Open': 49814.14, 'High': 49882.92, 'Low': 49805.02, 'Close': 49865.75}","{'Open': 49819.12, 'High': 49859.65, 'Low': 49801.82, 'Close': 49857.45}","{'Open': 49836.03, 'High': 49903.75, 'Low': 49836.03, 'Close': 49886.35}","{'Open': 49813.75, 'High': 49878.25, 'Low': 49813.75, 'Close': 49851.75}","{'Open': 49798.8, 'High': 49845.5, 'Low': 49798.8, 'Close': 49831.53}","{'Open': 49823.5, 'High': 49862.5, 'Low': 49823.5, 'Close': 49850.0}","{'Open': 49843.0, 'High': 49879.79, 'Low': 49814.92, 'Close': 49833.75}","{'Open': 49813.23, 'High': 49880.21, 'Low': 49800.0, 'Close': 49857.08}"
2021-02-24 17:55:00,NO TRADES,"{'Open': 49818.83, 'High': 50081.0, 'Low': 49811.0, 'Close': 50081.0}","{'Open': 49840.59, 'High': 50084.5, 'Low': 49840.59, 'Close': 50084.5}","{'Open': 49843.43, 'High': 50063.89, 'Low': 49843.43, 'Close': 50050.18}","{'Open': 49847.42, 'High': 50101.6, 'Low': 49847.42, 'Close': 50096.69}","{'Open': 49856.68, 'High': 50126.6, 'Low': 49856.68, 'Close': 50095.84}","{'Open': 49853.5, 'High': 50105.5, 'Low': 49853.5, 'Close': 50096.0}","{'Open': 49845.4, 'High': 50060.0, 'Low': 49838.6, 'Close': 50060.0}","{'Open': 49860.0, 'High': 50096.25, 'Low': 49839.5, 'Close': 50076.0}","{'Open': 49846.84, 'High': 50094.84, 'Low': 49846.84, 'Close': 50094.84}","{'Open': 49821.63, 'High': 50099.91, 'Low': 49821.63, 'Close': 50089.53}"
2021-02-24 18:00:00,NO TRADES,"{'Open': 50081.0, 'High': 50089.0, 'Low': 49938.0, 'Close': 49989.0}","{'Open': 50065.13, 'High': 50077.48, 'Low': 49952.53, 'Close': 49987.25}","{'Open': 50071.68, 'High': 50071.68, 'Low': 49965.31, 'Close': 50021.48}","{'Open': 50096.69, 'High': 50103.57, 'Low': 49960.7, 'Close': 49999.83}","{'Open': 50122.58, 'High': 50122.58, 'Low': 49999.5, 'Close': 50017.57}","{'Open': 50095.75, 'High': 50095.75, 'Low': 49970.25, 'Close': 50020.25}","{'Open': 50093.13, 'High': 50095.65, 'Low': 50000.0, 'Close': 50008.3}","{'Open': 50077.5, 'High': 50097.5, 'Low': 49956.5, 'Close': 49990.5}","{'Open': 50112.63, 'High': 50112.63, 'Low': 49985.95, 'Close': 50044.57}","{'Open': 50076.52, 'High': 50084.01, 'Low': 49952.87, 'Close': 50021.65}"
2021-02-24 18:05:00,NO TRADES,"{'Open': 49988.0, 'High': 49988.0, 'Low': 49712.0, 'Close': 49859.0}","{'Open': 49987.25, 'High': 49987.25, 'Low': 49726.79, 'Close': 49879.4}","{'Open': 49971.34, 'High': 49971.34, 'Low': 49751.87, 'Close': 49889.3}","{'Open': 49989.32, 'High': 49992.74, 'Low': 49741.8, 'Close': 49884.71}","{'Open': 50017.57, 'High': 50017.57, 'Low': 49750.01, 'Close': 49910.31}","{'Open': 50020.25, 'High': 50020.25, 'Low': 49760.25, 'Close': 49893.0}","{'Open': 50000.0, 'High': 50000.1, 'Low': 49736.55, 'Close': 49880.2}","{'Open': 49988.0, 'High': 50014.5, 'Low': 49739.5, 'Close': 49874.58}","{'Open': 49998.6, 'High': 49998.6, 'Low': 49769.58, 'Close': 49888.38}","{'Open': 49976.76, 'High': 49976.76, 'Low': 49723.68, 'Close': 49895.11}"
2021-02-24 18:10:00,NO TRADES,"{'Open': 49876.0, 'High': 49911.94, 'Low': 49632.08, 'Close': 49679.0}","{'Open': 49881.16, 'High': 49919.01, 'Low': 49643.14, 'Close': 49698.19}","{'Open': 49929.29, 'High': 49931.15, 'Low': 49677.45, 'Close': 49701.65}","{'Open': 49891.69, 'High': 49925.42, 'Low': 49653.79, 'Close': 49684.08}","{'Open': 49924.88, 'High': 49937.22, 'Low': 49646.74, 'Close': 49684.2}","{'Open': 49880.08, 'High': 49926.25, 'Low': 49666.0, 'Close': 49687.5}","{'Open': 49885.3, 'High': 49921.6, 'Low': 49663.4, 'Close': 49697.9}","{'Open': 49912.0, 'High': 49915.5, 'Low': 49643.5, 'Close': 49680.0}","{'Open': 49931.51, 'High': 49931.51, 'Low': 49661.0, 'Close': 49716.8}","{'Open': 49926.1, 'High': 49931.3, 'Low': 49643.47, 'Close': 49673.57}"
2021-02-24 18:15:00,"{'Open': 49600.0, 'High': 49600.0, 'Low': 49600.0, 'Close': 49600.0}","{'Open': 49680.0, 'High': 49806.62, 'Low': 49600.0, 'Close': 49600.0}","{'Open': 49702.96, 'High': 49818.4, 'Low': 49586.92, 'Close': 49596.98}","{'Open': 49720.32, 'High': 49808.08, 'Low': 49605.11, 'Close': 49610.31}","{'Open': 49684.08, 'High': 49817.18, 'Low': 49588.54, 'Close': 49589.51}","{'Open': 49684.2, 'High': 49831.34, 'Low': 49586.92, 'Close': 49586.92}","{'Open': 49704.5, 'High': 49820.0, 'Low': 49600.25, 'Close': 49600.5}","{'Open': 49690.5, 'High': 49819.0, 'Low': 49597.26, 'Close': 49603.5}","{'Open': 49675.5, 'High': 49824.0, 'Low': 49577.2, 'Close': 49604.5}","{'Open': 49709.87, 'High': 49802.28, 'Low': 49598.24, 'Close': 49602.43}","{'Open': 49753.55, 'High': 49844.53, 'Low': 49571.75, 'Close': 49600.05}"
2021-02-24 18:20:00,NO TRADES,"{'Open': 49600.0, 'High': 49663.0, 'Low': 49555.0, 'Close': 49655.0}","{'Open': 49591.55, 'High': 49661.67, 'Low': 49556.27, 'Close': 49642.22}","{'Open': 49610.31, 'High': 49688.62, 'Low': 49572.21, 'Close': 49678.54}","{'Open': 49583.57, 'High': 49681.95, 'Low': 49551.26, 'Close': 49676.87}","{'Open': 49590.93, 'High': 49687.39, 'Low': 49552.45, 'Close': 49678.0}","{'Open': 49600.25, 'High': 49670.75, 'Low': 49546.03, 'Close': 49670.75}","{'Open': 49603.35, 'High': 49650.0, 'Low': 49556.9, 'Close': 49650.0}","{'Open': 49595.0, 'High': 49689.0, 'Low': 49551.0, 'Close': 49689.0}","{'Open': 49592.91, 'High': 49610.62, 'Low': 49569.8, 'Close': 49610.58}","{'Open': 49582.05, 'High': 49684.15, 'Low': 49545.55, 'Close': 49656.88}"
2021-02-24 18:25:00,NO TRADES,"{'Open': 49647.0, 'High': 49717.5, 'Low': 49636.84, 'Close': 49678.0}","{'Open': 49651.46, 'High': 49735.7, 'Low': 49651.46, 'Close': 49678.08}","{'Open': 49750.97, 'High': 49750.97, 'Low': 49663.35, 'Close': 49699.05}","{'Open': 49676.87, 'High': 49740.91, 'Low': 49654.92, 'Close': 49685.15}","{'Open': 49673.45, 'High': 49746.23, 'Low': 49660.35, 'Close': 49690.62}","{'Open': 49666.5, 'High': 49743.38, 'Low': 49666.25, 'Close': 49720.25}","{'Open': 49650.0, 'High': 49729.5, 'Low': 49644.77, 'Close': 49680.0}","{'Open': 49676.5, 'High': 49745.0, 'Low': 49671.5, 'Close': 49683.0}","{'Open': 49666.71, 'High': 49755.88, 'Low': 49661.92, 'Close': 49702.31}","{'Open': 49669.52, 'High': 49742.97, 'Low': 49651.63, 'Close': 49704.48}"
2021-02-24 18:30:00,"{'Open': 49700.0, 'High': 49700.0, 'Low': 49700.0, 'Close': 49700.0}","{'Open': 49677.0, 'High': 49932.0, 'Low': 49651.14, 'Close': 49930.0}","{'Open': 49678.08, 'High': 49939.72, 'Low': 49663.33, 'Close': 49939.72}","{'Open': 49697.71, 'High': 49945.17, 'Low': 49692.33, 'Close': 49945.17}","{'Open': 49685.14, 'High': 49955.52, 'Low': 49666.37, 'Close': 49951.56}","{'Open': 49680.21, 'High': 49949.0, 'Low': 49675.68, 'Close': 49949.0}","{'Open': 49700.33, 'High': 49951.0, 'Low': 49686.0, 'Close': 49951.0}","{'Open': 49676.0, 'High': 49900.0, 'Low': 49675.5, 'Close': 49900.0}","{'Open': 49682.5, 'High': 49931.0, 'Low': 49644.5, 'Close': 49930.0}","{'Open': 49717.85, 'High': 49952.57, 'Low': 49717.85, 'Close': 49952.57}","{'Open': 49687.99, 'High': 49958.69, 'Low': 49669.4, 'Close': 49958.69}"
2021-02-24 18:35:00,NO TRADES,"{'Open': 49932.0, 'High': 49989.0, 'Low': 49885.0, 'Close': 49898.0}","{'Open': 49939.72, 'High': 49997.5, 'Low': 49889.0, 'Close': 49918.69}","{'Open': 49937.3, 'High': 50006.02, 'Low': 49919.96, 'Close': 49919.96}","{'Open': 49952.14, 'High': 50013.71, 'Low': 49913.47, 'Close': 49934.71}","{'Open': 49946.74, 'High': 50033.53, 'Low': 49910.25, 'Close': 49940.0}","{'Open': 49951.0, 'High': 50012.5, 'Low': 49923.0, 'Close': 49927.5}","{'Open': 49900.0, 'High': 49984.0, 'Low': 49899.9, 'Close': 49909.2}","{'Open': 49941.0, 'High': 50044.5, 'Low': 49882.0, 'Close': 49907.5}","{'Open': 49958.88, 'High': 50016.17, 'Low': 49940.84, 'Close': 49941.01}","{'Open': 49960.07, 'High': 50017.72, 'Low': 49919.12, 'Close': 49952.46}"
2021-02-24 18:40:00,NO TRADES,"{'Open': 49909.0, 'High': 49932.66, 'Low': 49835.0, 'Close': 49879.92}","{'Open': 49931.23, 'High': 49931.23, 'Low': 49855.52, 'Close': 49881.6}","{'Open': 49941.93, 'High': 49941.93, 'Low': 49846.93, 'Close': 49908.25}","{'Open': 49943.24, 'High': 49953.01, 'Low': 49860.37, 'Close': 49891.6}","{'Open': 49971.89, 'High': 49971.89, 'Low': 49851.56, 'Close': 49889.95}","{'Open': 49953.75, 'High': 49953.88, 'Low': 49856.0, 'Close': 49904.12}","{'Open': 49901.0, 'High': 49912.84, 'Low': 49853.8, 'Close': 49897.2}","{'Open': 49935.0, 'High': 49944.5, 'Low': 49860.5, 'Close': 49889.0}","{'Open': 49950.18, 'High': 49950.18, 'Low': 49897.79, 'Close': 49897.79}","{'Open': 49959.1, 'High': 49959.1, 'Low': 49854.0, 'Close': 49891.27}"
2021-02-24 18:45:00,NO TRADES,"{'Open': 49870.0, 'High': 49875.2, 'Low': 49752.93, 'Close': 49845.0}","{'Open': 49881.01, 'High': 49883.34, 'Low': 49778.48, 'Close': 49862.6}","{'Open': 49908.24, 'High': 49908.24, 'Low': 49786.17, 'Close': 49876.86}","{'Open': 49894.53, 'High': 49894.53, 'Low': 49772.23, 'Close': 49853.04}","{'Open': 49895.53, 'High': 49895.53, 'Low': 49767.87, 'Close': 49860.97}","{'Open': 49904.25, 'High': 49904.25, 'Low': 49769.5, 'Close': 49862.75}","{'Open': 49897.2, 'High': 49897.2, 'Low': 49783.74, 'Close': 49850.0}","{'Open': 49907.5, 'High': 49907.5, 'Low': 49765.0, 'Close': 49865.0}","{'Open': 49898.97, 'High': 49898.97, 'Low': 49809.01, 'Close': 49872.63}","{'Open': 49871.15, 'High': 49885.42, 'Low': 49783.33, 'Close': 49863.72}"
2021-02-24 18:50:00,NO TRADES,"{'Open': 49845.0, 'High': 49845.0, 'Low': 49661.7, 'Close': 49689.0}","{'Open': 49856.87, 'High': 49856.87, 'Low': 49665.82, 'Close': 49692.79}","{'Open': 49876.2, 'High': 49876.2, 'Low': 49663.35, 'Close': 49699.0}","{'Open': 49853.58, 'High': 49853.58, 'Low': 49682.23, 'Close': 49703.25}","{'Open': 49859.66, 'High': 49859.66, 'Low': 49688.28, 'Close': 49711.04}","{'Open': 49860.25, 'High': 49860.25, 'Low': 49693.5, 'Close': 49708.5}","{'Open': 49841.33, 'High': 49843.2, 'Low': 49678.8, 'Close': 49697.3}","{'Open': 49876.5, 'High': 49876.5, 'Low': 49678.5, 'Close': 49704.0}","{'Open': 49832.52, 'High': 49832.52, 'Low': 49696.37, 'Close': 49715.56}","{'Open': 49858.08, 'High': 49858.08, 'Low': 49687.78, 'Close': 49700.1}"
2021-02-24 18:55:00,NO TRADES,"{'Open': 49703.76, 'High': 49720.33, 'Low': 49590.0, 'Close': 49600.0}","{'Open': 49717.78, 'High': 49736.0, 'Low': 49583.25, 'Close': 49600.14}","{'Open': 49681.98, 'High': 49730.84, 'Low': 49579.82, 'Close': 49585.97}","{'Open': 49703.25, 'High': 49753.71, 'Low': 49600.0, 'Close': 49619.18}","{'Open': 49712.13, 'High': 49772.26, 'Low': 49603.02, 'Close': 49612.0}","{'Open': 49705.75, 'High': 49710.0, 'Low': 49606.25, 'Close': 49612.5}","{'Open': 49715.7, 'High': 49737.9, 'Low': 49611.1, 'Close': 49611.1}","{'Open': 49717.0, 'High': 49756.0, 'Low': 49605.0, 'Close': 49611.0}","{'Open': 49739.37, 'High': 49766.96, 'Low': 49614.19, 'Close': 49622.72}","{'Open': 49713.4, 'High': 49754.69, 'Low': 49596.7, 'Close': 49618.4}"
2021-02-24 19:00:00,NO TRADES,"{'Open': 49603.09, 'High': 49722.2, 'Low': 49599.0, 'Close': 49625.0}","{'Open': 49601.14, 'High': 49729.51, 'Low': 49599.01, 'Close': 49610.99}","{'Open': 49605.0, 'High': 49695.27, 'Low': 49585.57, 'Close': 49625.22}","{'Open': 49623.4, 'High': 49730.99, 'Low': 49608.68, 'Close': 49644.27}","{'Open': 49612.0, 'High': 49732.31, 'Low': 49605.76, 'Close': 49629.54}","{'Open': 49624.25, 'High': 49735.15, 'Low': 49621.5, 'Close': 49629.0}","{'Open': 49619.1, 'High': 49712.6, 'Low': 49611.23, 'Close': 49623.0}","{'Open': 49628.0, 'High': 49731.5, 'Low': 49625.0, 'Close': 49651.0}","{'Open': 49630.28, 'High': 49719.18, 'Low': 49611.75, 'Close': 49660.16}","{'Open': 49626.64, 'High': 49748.4, 'Low': 49598.89, 'Close': 49630.63}"
2021-02-24 19:05:00,NO TRADES,"{'Open': 49623.94, 'High': 49623.94, 'Low': 49390.0, 'Close': 49395.5}","{'Open': 49610.99, 'High': 49610.99, 'Low': 49370.52, 'Close': 49381.51}","{'Open': 49624.89, 'High': 49624.89, 'Low': 49363.67, 'Close': 49363.67}","{'Open': 49635.72, 'High': 49635.72, 'Low': 49305.63, 'Close': 49390.82}","{'Open': 49628.41, 'High': 49628.41, 'Low': 49362.93, 'Close': 49386.32}","{'Open': 49629.25, 'High': 49629.25, 'Low': 49400.25, 'Close': 49400.25}","{'Open': 49623.0, 'High': 49623.0, 'Low': 49400.0, 'Close': 49400.0}","{'Open': 49632.5, 'High': 49632.5, 'Low': 49375.0, 'Close': 49394.5}","{'Open': 49642.05, 'High': 49642.05, 'Low': 49392.72, 'Close': 49397.35}","{'Open': 49630.63, 'High': 49644.33, 'Low': 49367.7, 'Close': 49390.29}"
2021-02-24 19:10:00,"{'Open': 49444.96, 'High': 49444.96, 'Low': 49444.96, 'Close': 49444.96}","{'Open': 49399.18, 'High': 49682.73, 'Low': 49374.0, 'Close': 49380.0}","{'Open': 49398.4, 'High': 49680.01, 'Low': 49379.99, 'Close': 49384.38}","{'Open': 49379.41, 'High': 49661.91, 'Low': 49379.41, 'Close': 49387.2}","{'Open': 49399.89, 'High': 49708.45, 'Low': 49393.76, 'Close': 49397.01}","{'Open': 49383.5, 'High': 49711.46, 'Low': 49380.67, 'Close': 49401.67}","{'Open': 49400.25, 'High': 49680.0, 'Low': 49400.0, 'Close': 49414.92}","{'Open': 49400.1, 'High': 49650.0, 'Low': 49385.8, 'Close': 49385.8}","{'Open': 49438.75, 'High': 49684.0, 'Low': 49359.5, 'Close': 49389.5}","{'Open': 49481.14, 'High': 49665.6, 'Low': 49399.08, 'Close': 49399.08}","{'Open': 49399.28, 'High': 49693.64, 'Low': 49381.31, 'Close': 49409.13}"
2021-02-24 19:15:00,NO TRADES,"{'Open': 49380.0, 'High': 49510.0, 'Low': 49380.0, 'Close': 49508.82}","{'Open': 49408.78, 'High': 49517.51, 'Low': 49388.06, 'Close': 49516.91}","{'Open': 49456.62, 'High': 49501.59, 'Low': 49418.32, 'Close': 49492.9}","{'Open': 49397.08, 'High': 49540.57, 'Low': 49397.08, 'Close': 49518.71}","{'Open': 49442.13, 'High': 49547.93, 'Low': 49423.41, 'Close': 49515.58}","{'Open': 49412.0, 'High': 49532.69, 'Low': 49411.75, 'Close': 49510.5}","{'Open': 49399.8, 'High': 49521.15, 'Low': 49399.8, 'Close': 49503.4}","{'Open': 49406.0, 'High': 49553.75, 'Low': 49406.0, 'Close': 49522.0}","{'Open': 49431.83, 'High': 49551.09, 'Low': 49425.79, 'Close': 49529.52}","{'Open': 49414.35, 'High': 49549.51, 'Low': 49414.35, 'Close': 49528.45}"
2021-02-24 19:20:00,NO TRADES,"{'Open': 49507.5, 'High': 49579.04, 'Low': 49488.0, 'Close': 49516.0}","{'Open': 49530.64, 'High': 49601.02, 'Low': 49500.0, 'Close': 49527.55}","{'Open': 49491.56, 'High': 49560.31, 'Low': 49479.09, 'Close': 49506.51}","{'Open': 49520.26, 'High': 49576.12, 'Low': 49484.46, 'Close': 49532.04}","{'Open': 49531.54, 'High': 49605.91, 'Low': 49489.28, 'Close': 49538.36}","{'Open': 49520.88, 'High': 49599.75, 'Low': 49500.25, 'Close': 49520.0}","{'Open': 49503.4, 'High': 49563.0, 'Low': 49500.0, 'Close': 49525.2}","{'Open': 49546.59, 'High': 49610.5, 'Low': 49463.0, 'Close': 49548.0}","{'Open': 49551.36, 'High': 49605.56, 'Low': 49511.89, 'Close': 49533.25}","{'Open': 49532.15, 'High': 49615.7, 'Low': 49488.96, 'Close': 49534.32}"
2021-02-24 19:25:00,NO TRADES,"{'Open': 49517.0, 'High': 49530.0, 'Low': 49415.87, 'Close': 49428.58}","{'Open': 49537.15, 'High': 49560.0, 'Low': 49409.08, 'Close': 49448.87}","{'Open': 49538.18, 'High': 49538.18, 'Low': 49406.14, 'Close': 49406.14}","{'Open': 49535.76, 'High': 49536.51, 'Low': 49407.31, 'Close': 49474.27}","{'Open': 49546.7, 'High': 49555.8, 'Low': 49407.83, 'Close': 49479.2}","{'Open': 49519.75, 'High': 49520.0, 'Low': 49414.25, 'Close': 49460.0}","{'Open': 49525.2, 'High': 49547.4, 'Low': 49426.2, 'Close': 49456.4}","{'Open': 49562.0, 'High': 49562.0, 'Low': 49410.0, 'Close': 49483.0}","{'Open': 49544.15, 'High': 49561.8, 'Low': 49416.8, 'Close': 49457.47}","{'Open': 49541.83, 'High': 49552.64, 'Low': 49392.33, 'Close': 49451.55}"
2021-02-24 19:30:00,"{'Open': 49444.96, 'High': 49444.96, 'Low': 49400.0, 'Close': 49400.0}","{'Open': 49437.3, 'High': 49437.3, 'Low': 49148.0, 'Close': 49208.0}","{'Open': 49451.57, 'High': 49456.21, 'Low': 49147.92, 'Close': 49189.49}","{'Open': 49430.48, 'High': 49430.48, 'Low': 49129.03, 'Close': 49184.01}","{'Open': 49463.23, 'High': 49463.23, 'Low': 49154.36, 'Close': 49204.1}","{'Open': 49472.89, 'High': 49472.89, 'Low': 49182.86, 'Close': 49219.33}","{'Open': 49460.0, 'High': 49460.0, 'Low': 49160.25, 'Close': 49210.54}","{'Open': 49454.9, 'High': 49456.9, 'Low': 49156.64, 'Close': 49206.85}","{'Open': 49465.5, 'High': 49465.5, 'Low': 49173.5, 'Close': 49173.5}","{'Open': 49446.33, 'High': 49470.54, 'Low': 49148.26, 'Close': 49205.74}","{'Open': 49440.65, 'High': 49440.65, 'Low': 49151.42, 'Close': 49211.14}"
2021-02-24 19:35:00,"{'Open': 48997.6, 'High': 48997.6, 'Low': 48997.6, 'Close': 48997.6}","{'Open': 49208.1, 'High': 49208.1, 'Low': 48831.05, 'Close': 48903.67}","{'Open': 49197.54, 'High': 49199.99, 'Low': 48867.08, 'Close': 48896.92}","{'Open': 49184.01, 'High': 49184.01, 'Low': 48865.6, 'Close': 48865.6}","{'Open': 49202.69, 'High': 49212.67, 'Low': 48856.86, 'Close': 48892.5}","{'Open': 49200.11, 'High': 49221.32, 'Low': 48900.0, 'Close': 48917.56}","{'Open': 49200.25, 'High': 49203.0, 'Low': 48893.0, 'Close': 48905.0}","{'Open': 49200.1, 'High': 49210.5, 'Low': 48882.9, 'Close': 48908.0}","{'Open': 49222.5, 'High': 49222.5, 'Low': 48876.5, 'Close': 48952.25}","{'Open': 49184.52, 'High': 49213.43, 'Low': 48888.15, 'Close': 48897.16}","{'Open': 49169.7, 'High': 49213.75, 'Low': 48850.23, 'Close': 48914.16}"
2021-02-24 19:40:00,NO TRADES,"{'Open': 48918.35, 'High': 49154.39, 'Low': 48904.0, 'Close': 49028.07}","{'Open': 48889.23, 'High': 49124.01, 'Low': 48889.23, 'Close': 49001.8}","{'Open': 48874.44, 'High': 49109.31, 'Low': 48874.44, 'Close': 49000.0}","{'Open': 48905.73, 'High': 49147.93, 'Low': 48905.73, 'Close': 49013.46}","{'Open': 48942.36, 'High': 49158.06, 'Low': 48932.95, 'Close': 49028.89}","{'Open': 48926.25, 'High': 49112.0, 'Low': 48926.25, 'Close': 49013.5}","{'Open': 48928.2, 'High': 49145.18, 'Low': 48928.2, 'Close': 49015.4}","{'Open': 48914.5, 'High': 49160.0, 'Low': 48914.5, 'Close': 49044.5}","{'Open': 48962.14, 'High': 49129.87, 'Low': 48962.14, 'Close': 49043.04}","{'Open': 48932.07, 'High': 49134.42, 'Low': 48932.07, 'Close': 49010.34}"
2021-02-24 19:45:00,NO TRADES,"{'Open': 49028.0, 'High': 49217.0, 'Low': 48967.0, 'Close': 49022.0}","{'Open': 48996.6, 'High': 49200.0, 'Low': 48947.91, 'Close': 48979.4}","{'Open': 49000.0, 'High': 49184.01, 'Low': 48985.01, 'Close': 49019.2}","{'Open': 49009.46, 'High': 49240.52, 'Low': 48964.76, 'Close': 49032.36}","{'Open': 49014.44, 'High': 49238.27, 'Low': 48984.72, 'Close': 49028.9}","{'Open': 49013.75, 'High': 49195.38, 'Low': 49000.25, 'Close': 49025.25}","{'Open': 48982.72, 'High': 49202.8, 'Low': 48967.96, 'Close': 49025.5}","{'Open': 48980.0, 'High': 49261.5, 'Low': 48980.0, 'Close': 49025.5}","{'Open': 49131.29, 'High': 49178.96, 'Low': 49057.27, 'Close': 49057.27}","{'Open': 49000.1, 'High': 49233.19, 'Low': 48962.36, 'Close': 49030.12}"
2021-02-24 19:50:00,NO TRADES,"{'Open': 49029.91, 'High': 49158.14, 'Low': 48969.0, 'Close': 48969.0}","{'Open': 49024.71, 'High': 49155.85, 'Low': 48951.11, 'Close': 48953.5}","{'Open': 49123.89, 'High': 49125.77, 'Low': 48955.19, 'Close': 48955.19}","{'Open': 49046.23, 'High': 49171.27, 'Low': 48950.0, 'Close': 48956.37}","{'Open': 49068.42, 'High': 49157.78, 'Low': 48950.55, 'Close': 48968.88}","{'Open': 49037.75, 'High': 49151.25, 'Low': 48980.25, 'Close': 48980.25}","{'Open': 49040.9, 'High': 49144.95, 'Low': 48953.1, 'Close': 48953.1}","{'Open': 49027.5, 'High': 49145.3, 'Low': 48950.5, 'Close': 49008.5}","{'Open': 49083.32, 'High': 49145.68, 'Low': 48949.36, 'Close': 48982.08}","{'Open': 49032.4, 'High': 49147.71, 'Low': 48923.69, 'Close': 48938.74}"
2021-02-24 19:55:00,NO TRADES,"{'Open': 48969.02, 'High': 49085.43, 'Low': 48905.5, 'Close': 48998.0}","{'Open': 48928.26, 'High': 49061.07, 'Low': 48895.46, 'Close': 48982.64}","{'Open': 48910.89, 'High': 49018.3, 'Low': 48893.49, 'Close': 48984.14}","{'Open': 48951.72, 'High': 49075.86, 'Low': 48900.01, 'Close': 48986.46}","{'Open': 48966.43, 'High': 49088.93, 'Low': 48907.81, 'Close': 48974.48}","{'Open': 48980.25, 'High': 49075.0, 'Low': 48902.5, 'Close': 48990.5}","{'Open': 48950.9, 'High': 49058.1, 'Low': 48910.0, 'Close': 48980.4}","{'Open': 48910.5, 'High': 49089.11, 'Low': 48898.5, 'Close': 49001.0}","{'Open': 48913.43, 'High': 49087.2, 'Low': 48888.35, 'Close': 49004.94}","{'Open': 48916.19, 'High': 49088.63, 'Low': 48890.17, 'Close': 48991.68}"
2021-02-24 20:00:00,"{'Open': 49144.07, 'High': 49144.07, 'Low': 49144.07, 'Close': 49144.07}","{'Open': 48997.0, 'High': 49269.38, 'Low': 48871.0, 'Close': 49226.0}","{'Open': 48991.05, 'High': 49272.2, 'Low': 48855.6, 'Close': 49206.87}","{'Open': 48950.8, 'High': 49279.19, 'Low': 48871.38, 'Close': 49198.07}","{'Open': 48986.58, 'High': 49274.19, 'Low': 48870.8, 'Close': 49229.14}","{'Open': 48963.48, 'High': 49255.71, 'Low': 48872.24, 'Close': 49222.87}","{'Open': 48973.0, 'High': 49260.75, 'Low': 48900.75, 'Close': 49239.5}","{'Open': 48980.4, 'High': 49282.05, 'Low': 48910.0, 'Close': 49231.7}","{'Open': 48956.97, 'High': 49270.5, 'Low': 48875.5, 'Close': 49242.0}","{'Open': 48991.88, 'High': 49258.08, 'Low': 48888.0, 'Close': 49258.08}","{'Open': 48971.58, 'High': 49292.71, 'Low': 48864.69, 'Close': 49215.39}"
2021-02-24 20:05:00,NO TRADES,"{'Open': 49214.5, 'High': 49222.0, 'Low': 49040.0, 'Close': 49040.0}","{'Open': 49212.65, 'High': 49225.19, 'Low': 49028.09, 'Close': 49029.84}","{'Open': 49213.54, 'High': 49213.54, 'Low': 49046.84, 'Close': 49046.84}","{'Open': 49224.71, 'High': 49227.05, 'Low': 49046.29, 'Close': 49059.13}","{'Open': 49206.9, 'High': 49232.04, 'Low': 49057.37, 'Close': 49057.37}","{'Open': 49237.5, 'High': 49242.75, 'Low': 49055.0, 'Close': 49062.25}","{'Open': 49231.6, 'High': 49234.04, 'Low': 49040.45, 'Close': 49053.3}","{'Open': 49227.0, 'High': 49227.0, 'Low': 49056.5, 'Close': 49061.36}","{'Open': 49207.82, 'High': 49239.52, 'Low': 49072.75, 'Close': 49091.23}","{'Open': 49235.15, 'High': 49235.15, 'Low': 49049.12, 'Close': 49075.53}"
2021-02-24 20:10:00,NO TRADES,"{'Open': 49040.0, 'High': 49224.0, 'Low': 48998.5, 'Close': 49186.0}","{'Open': 49030.23, 'High': 49211.18, 'Low': 49010.07, 'Close': 49188.38}","{'Open': 49031.0, 'High': 49197.02, 'Low': 49001.4, 'Close': 49197.02}","{'Open': 49059.13, 'High': 49239.69, 'Low': 49014.97, 'Close': 49204.56}","{'Open': 49057.37, 'High': 49248.06, 'Low': 48999.67, 'Close': 49202.37}","{'Open': 49037.62, 'High': 49220.0, 'Low': 49029.75, 'Close': 49214.0}","{'Open': 49056.1, 'High': 49219.62, 'Low': 49024.83, 'Close': 49196.4}","{'Open': 49045.0, 'High': 49249.27, 'Low': 49015.02, 'Close': 49200.0}","{'Open': 49055.02, 'High': 49205.15, 'Low': 49055.02, 'Close': 49201.35}","{'Open': 49056.02, 'High': 49245.71, 'Low': 49030.15, 'Close': 49217.85}"
2021-02-24 20:15:00,NO TRADES,"{'Open': 49186.43, 'High': 49191.0, 'Low': 48937.0, 'Close': 48937.0}","{'Open': 49162.12, 'High': 49162.12, 'Low': 48924.04, 'Close': 48924.04}","{'Open': 49160.42, 'High': 49160.42, 'Low': 48959.0, 'Close': 48959.0}","{'Open': 49204.33, 'High': 49207.12, 'Low': 48950.01, 'Close': 48950.01}","{'Open': 49201.51, 'High': 49201.51, 'Low': 48992.98, 'Close': 48996.4}","{'Open': 49214.0, 'High': 49214.0, 'Low': 48971.15, 'Close': 48971.25}","{'Open': 49184.6, 'High': 49184.6, 'Low': 48941.1, 'Close': 48941.1}","{'Open': 49183.08, 'High': 49192.0, 'Low': 48950.03, 'Close': 48950.03}","{'Open': 49105.93, 'High': 49128.54, 'Low': 49044.4, 'Close': 49056.07}","{'Open': 49198.64, 'High': 49198.64, 'Low': 48951.58, 'Close': 48962.3}"
2021-02-24 20:20:00,NO TRADES,"{'Open': 48946.0, 'High': 49000.0, 'Low': 48779.15, 'Close': 48807.67}","{'Open': 48919.34, 'High': 49025.26, 'Low': 48795.65, 'Close': 48802.44}","{'Open': 48884.77, 'High': 48995.21, 'Low': 48811.0, 'Close': 48859.31}","{'Open': 48950.01, 'High': 49030.0, 'Low': 48806.3, 'Close': 48826.79}","{'Open': 48950.01, 'High': 49032.58, 'Low': 48792.15, 'Close': 48834.2}","{'Open': 48960.25, 'High': 49040.0, 'Low': 48844.0, 'Close': 48844.12}","{'Open': 48931.3, 'High': 49027.77, 'Low': 48800.1, 'Close': 48829.5}","{'Open': 48963.75, 'High': 49023.0, 'Low': 48781.0, 'Close': 48836.0}","{'Open': 48980.4, 'High': 49043.91, 'Low': 48827.25, 'Close': 48859.14}","{'Open': 48964.33, 'High': 49052.71, 'Low': 48789.25, 'Close': 48837.3}"
2021-02-24 20:25:00,NO TRADES,"{'Open': 48808.0, 'High': 48896.01, 'Low': 48755.0, 'Close': 48887.0}","{'Open': 48827.99, 'High': 48900.5, 'Low': 48752.31, 'Close': 48890.44}","{'Open': 48811.01, 'High': 48897.08, 'Low': 48756.92, 'Close': 48880.43}","{'Open': 48839.88, 'High': 48906.83, 'Low': 48768.12, 'Close': 48898.08}","{'Open': 48846.21, 'High': 48922.79, 'Low': 48788.51, 'Close': 48907.76}","{'Open': 48844.25, 'High': 48920.25, 'Low': 48800.25, 'Close': 48920.25}","{'Open': 48823.62, 'High': 48912.3, 'Low': 48770.2, 'Close': 48912.2}","{'Open': 48823.0, 'High': 48943.5, 'Low': 48823.0, 'Close': 48918.0}","{'Open': 48820.09, 'High': 48926.49, 'Low': 48796.75, 'Close': 48911.77}","{'Open': 48840.55, 'High': 48935.32, 'Low': 48769.02, 'Close': 48923.63}"
2021-02-24 20:30:00,NO TRADES,"{'Open': 48884.0, 'High': 48884.0, 'Low': 48584.93, 'Close': 48700.83}","{'Open': 48890.29, 'High': 48890.29, 'Low': 48625.12, 'Close': 48711.46}","{'Open': 48871.9, 'High': 48871.89, 'Low': 48624.59, 'Close': 48722.0}","{'Open': 48898.08, 'High': 48898.08, 'Low': 48633.34, 'Close': 48718.09}","{'Open': 48906.88, 'High': 48906.88, 'Low': 48640.97, 'Close': 48782.94}","{'Open': 48920.25, 'High': 48920.25, 'Low': 48660.25, 'Close': 48765.0}","{'Open': 48909.7, 'High': 48909.95, 'Low': 48633.3, 'Close': 48750.1}","{'Open': 48886.5, 'High': 48886.5, 'Low': 48637.5, 'Close': 48753.0}","{'Open': 48869.01, 'High': 48869.01, 'Low': 48640.92, 'Close': 48737.47}","{'Open': 48914.43, 'High': 48914.43, 'Low': 48630.0, 'Close': 48724.76}"
2021-02-24 20:35:00,NO TRADES,"{'Open': 48700.0, 'High': 48863.0, 'Low': 48620.64, 'Close': 48863.0}","{'Open': 48728.76, 'High': 48871.84, 'Low': 48604.52, 'Close': 48871.84}","{'Open': 48726.46, 'High': 48844.46, 'Low': 48623.55, 'Close': 48837.05}","{'Open': 48722.02, 'High': 48891.02, 'Low': 48616.05, 'Close': 48891.02}","{'Open': 48743.64, 'High': 48904.46, 'Low': 48642.95, 'Close': 48899.88}","{'Open': 48742.38, 'High': 48880.0, 'Low': 48642.25, 'Close': 48865.0}","{'Open': 48750.1, 'High': 48883.25, 'Low': 48629.31, 'Close': 48883.25}","{'Open': 48770.5, 'High': 48828.5, 'Low': 48644.0, 'Close': 48827.25}","{'Open': 48743.42, 'High': 48859.29, 'Low': 48614.98, 'Close': 48813.02}","{'Open': 48733.52, 'High': 48898.32, 'Low': 48615.55, 'Close': 48898.32}"
2021-02-24 20:40:00,"{'Open': 48900.23, 'High': 48971.77, 'Low': 48847.56, 'Close': 48847.56}","{'Open': 48865.0, 'High': 48999.0, 'Low': 48665.0, 'Close': 48665.0}","{'Open': 48871.84, 'High': 49010.07, 'Low': 48665.6, 'Close': 48665.6}","{'Open': 48860.61, 'High': 48984.31, 'Low': 48656.39, 'Close': 48677.39}","{'Open': 48896.47, 'High': 48997.6, 'Low': 48672.08, 'Close': 48675.08}","{'Open': 48914.23, 'High': 49032.28, 'Low': 48671.79, 'Close': 48691.88}","{'Open': 48885.25, 'High': 49026.92, 'Low': 48687.14, 'Close': 48687.14}","{'Open': 48891.5, 'High': 49026.89, 'Low': 48701.6, 'Close': 48701.6}","{'Open': 48950.89, 'High': 49042.0, 'Low': 48684.5, 'Close': 48705.0}","{'Open': 48875.95, 'High': 49030.12, 'Low': 48687.94, 'Close': 48687.94}","{'Open': 48906.48, 'High': 49041.75, 'Low': 48675.0, 'Close': 48696.96}"
2021-02-24 20:45:00,NO TRADES,"{'Open': 48662.73, 'High': 48873.8, 'Low': 48654.61, 'Close': 48850.0}","{'Open': 48662.35, 'High': 48869.03, 'Low': 48662.35, 'Close': 48869.03}","{'Open': 48656.49, 'High': 48838.34, 'Low': 48656.49, 'Close': 48791.67}","{'Open': 48670.5, 'High': 48892.69, 'Low': 48670.5, 'Close': 48884.04}","{'Open': 48666.26, 'High': 48907.46, 'Low': 48666.26, 'Close': 48872.19}","{'Open': 48675.5, 'High': 48877.75, 'Low': 48675.5, 'Close': 48865.75}","{'Open': 48701.5, 'High': 48899.0, 'Low': 48700.0, 'Close': 48864.1}","{'Open': 48824.0, 'High': 48868.5, 'Low': 48683.0, 'Close': 48789.0}","{'Open': 48689.44, 'High': 48872.04, 'Low': 48676.45, 'Close': 48869.64}","{'Open': 48684.66, 'High': 48887.65, 'Low': 48677.72, 'Close': 48864.67}"
2021-02-24 20:50:00,NO TRADES,"{'Open': 48856.47, 'High': 48993.02, 'Low': 48836.0, 'Close': 48974.16}","{'Open': 48869.24, 'High': 48992.15, 'Low': 48849.51, 'Close': 48959.96}","{'Open': 48898.4, 'High': 48992.68, 'Low': 48869.4, 'Close': 48969.62}","{'Open': 48885.7, 'High': 49000.0, 'Low': 48861.28, 'Close': 48987.52}","{'Open': 48874.8, 'High': 49016.12, 'Low': 48874.8, 'Close': 49003.58}","{'Open': 48879.75, 'High': 48993.75, 'Low': 48872.25, 'Close': 48979.0}","{'Open': 48869.4, 'High': 48995.7, 'Low': 48869.4, 'Close': 48983.7}","{'Open': 48877.0, 'High': 49000.5, 'Low': 48877.0, 'Close': 49000.5}","{'Open': 48894.81, 'High': 49011.33, 'Low': 48879.8, 'Close': 48991.88}","{'Open': 48873.4, 'High': 49025.39, 'Low': 48864.09, 'Close': 48992.25}"
2021-02-24 20:55:00,"{'Open': 49211.7, 'High': 49279.32, 'Low': 49211.69, 'Close': 49279.32}","{'Open': 48961.67, 'High': 49240.73, 'Low': 48916.0, 'Close': 49157.0}","{'Open': 48984.4, 'High': 49223.15, 'Low': 48908.22, 'Close': 49174.6}","{'Open': 48983.25, 'High': 49241.8, 'Low': 48921.62, 'Close': 49184.99}","{'Open': 48987.53, 'High': 49257.5, 'Low': 48916.53, 'Close': 49177.59}","{'Open': 49004.57, 'High': 49255.52, 'Low': 48924.23, 'Close': 49179.74}","{'Open': 48979.0, 'High': 49216.62, 'Low': 48940.0, 'Close': 49167.0}","{'Open': 48987.7, 'High': 49243.8, 'Low': 48911.97, 'Close': 49167.4}","{'Open': 48981.0, 'High': 49259.5, 'Low': 48896.0, 'Close': 49179.5}","{'Open': 48946.99, 'High': 49206.6, 'Low': 48946.99, 'Close': 49194.0}","{'Open': 48990.05, 'High': 49260.98, 'Low': 48910.08, 'Close': 49171.06}"
2021-02-24 21:00:00,NO TRADES,"{'Open': 49133.0, 'High': 49167.28, 'Low': 48936.15, 'Close': 48939.0}","{'Open': 49142.58, 'High': 49180.95, 'Low': 48949.89, 'Close': 48949.89}","{'Open': 49122.0, 'High': 49170.68, 'Low': 48973.21, 'Close': 48973.21}","{'Open': 49168.94, 'High': 49168.94, 'Low': 48957.95, 'Close': 48959.31}","{'Open': 49139.04, 'High': 49171.5, 'Low': 48938.84, 'Close': 48938.84}","{'Open': 49131.5, 'High': 49181.88, 'Low': 48983.62, 'Close': 48983.62}","{'Open': 49156.45, 'High': 49162.7, 'Low': 48950.4, 'Close': 48950.4}","{'Open': 49171.25, 'High': 49175.0, 'Low': 48958.5, 'Close': 48958.5}","{'Open': 49104.75, 'High': 49193.77, 'Low': 49031.28, 'Close': 49037.25}","{'Open': 49152.28, 'High': 49191.28, 'Low': 48958.89, 'Close': 48961.01}"
2021-02-24 21:05:00,"{'Open': 48844.07, 'High': 48844.07, 'Low': 48844.07, 'Close': 48844.07}","{'Open': 48954.78, 'High': 48978.0, 'Low': 48660.0, 'Close': 48736.19}","{'Open': 48946.49, 'High': 49004.18, 'Low': 48635.53, 'Close': 48731.35}","{'Open': 48981.32, 'High': 49001.69, 'Low': 48709.5, 'Close': 48746.35}","{'Open': 48959.3, 'High': 49000.0, 'Low': 48645.28, 'Close': 48736.99}","{'Open': 48959.42, 'High': 48991.49, 'Low': 48670.12, 'Close': 48730.63}","{'Open': 48960.25, 'High': 48962.5, 'Low': 48688.5, 'Close': 48760.0}","{'Open': 48948.8, 'High': 48985.7, 'Low': 48684.6, 'Close': 48731.4}","{'Open': 48935.5, 'High': 48998.75, 'Low': 48667.5, 'Close': 48736.5}","{'Open': 48978.83, 'High': 48993.87, 'Low': 48669.45, 'Close': 48730.28}","{'Open': 48952.21, 'High': 49011.11, 'Low': 48645.57, 'Close': 48733.27}"
2021-02-24 21:10:00,NO TRADES,"{'Open': 48720.73, 'High': 48720.73, 'Low': 48513.0, 'Close': 48531.0}","{'Open': 48741.37, 'High': 48741.37, 'Low': 48547.08, 'Close': 48550.0}","{'Open': 48727.54, 'High': 48727.54, 'Low': 48537.71, 'Close': 48554.57}","{'Open': 48736.99, 'High': 48736.99, 'Low': 48550.77, 'Close': 48551.49}","{'Open': 48726.72, 'High': 48731.02, 'Low': 48545.13, 'Close': 48561.91}","{'Open': 48740.0, 'High': 48740.0, 'Low': 48565.0, 'Close': 48565.25}","{'Open': 48729.1, 'High': 48729.1, 'Low': 48544.0, 'Close': 48547.0}","{'Open': 48721.0, 'High': 48721.0, 'Low': 48547.0, 'Close': 48547.0}","{'Open': 48722.23, 'High': 48722.23, 'Low': 48552.07, 'Close': 48557.36}","{'Open': 48716.16, 'High': 48723.85, 'Low': 48530.0, 'Close': 48546.12}"
2021-02-24 21:15:00,"{'Open': 48378.35, 'High': 48378.35, 'Low': 48378.35, 'Close': 48378.35}","{'Open': 48505.69, 'High': 48638.12, 'Low': 48229.7, 'Close': 48255.82}","{'Open': 48535.64, 'High': 48609.57, 'Low': 48228.39, 'Close': 48250.09}","{'Open': 48531.77, 'High': 48616.72, 'Low': 48254.9, 'Close': 48254.9}","{'Open': 48552.08, 'High': 48643.5, 'Low': 48259.01, 'Close': 48275.0}","{'Open': 48526.9, 'High': 48618.77, 'Low': 48237.6, 'Close': 48265.21}","{'Open': 48565.0, 'High': 48613.33, 'Low': 48264.38, 'Close': 48264.38}","{'Open': 48544.0, 'High': 48629.3, 'Low': 48255.0, 'Close': 48255.1}","{'Open': 48538.5, 'High': 48637.5, 'Low': 48228.09, 'Close': 48254.5}","{'Open': 48550.86, 'High': 48621.42, 'Low': 48262.85, 'Close': 48262.85}","{'Open': 48546.12, 'High': 48643.04, 'Low': 48253.33, 'Close': 48274.24}"
2021-02-24 21:20:00,NO TRADES,"{'Open': 48254.0, 'High': 48536.0, 'Low': 48190.0, 'Close': 48518.0}","{'Open': 48259.39, 'High': 48548.14, 'Low': 48148.72, 'Close': 48526.0}","{'Open': 48294.97, 'High': 48534.96, 'Low': 48201.0, 'Close': 48534.96}","{'Open': 48289.44, 'High': 48559.92, 'Low': 48150.31, 'Close': 48510.32}","{'Open': 48332.33, 'High': 48522.14, 'Low': 48174.22, 'Close': 48522.13}","{'Open': 48307.0, 'High': 48557.5, 'Low': 48200.25, 'Close': 48554.25}","{'Open': 48255.4, 'High': 48550.55, 'Low': 48161.62, 'Close': 48538.4}","{'Open': 48305.0, 'High': 48580.0, 'Low': 48149.5, 'Close': 48526.5}","{'Open': 48289.68, 'High': 48571.22, 'Low': 48198.75, 'Close': 48569.39}","{'Open': 48291.7, 'High': 48563.46, 'Low': 48159.33, 'Close': 48529.39}"
2021-02-24 21:25:00,NO TRADES,"{'Open': 48506.18, 'High': 48506.18, 'Low': 48169.25, 'Close': 48185.0}","{'Open': 48501.49, 'High': 48501.49, 'Low': 48171.78, 'Close': 48171.78}","{'Open': 48417.21, 'High': 48417.21, 'Low': 48188.02, 'Close': 48188.02}","{'Open': 48507.57, 'High': 48507.57, 'Low': 48175.47, 'Close': 48175.47}","{'Open': 48482.81, 'High': 48482.81, 'Low': 48185.62, 'Close': 48218.64}","{'Open': 48460.0, 'High': 48461.0, 'Low': 48192.38, 'Close': 48200.5}","{'Open': 48534.6, 'High': 48534.6, 'Low': 48216.4, 'Close': 48224.7}","{'Open': 48489.0, 'High': 48489.0, 'Low': 48186.5, 'Close': 48225.0}","{'Open': 48427.02, 'High': 48460.53, 'Low': 48199.9, 'Close': 48225.14}","{'Open': 48529.06, 'High': 48529.06, 'Low': 48191.82, 'Close': 48196.08}"
2021-02-24 21:30:00,"{'Open': 48212.04, 'High': 48311.97, 'Low': 48212.04, 'Close': 48311.97}","{'Open': 48185.0, 'High': 48352.0, 'Low': 48180.9, 'Close': 48315.0}","{'Open': 48174.2, 'High': 48336.65, 'Low': 48159.21, 'Close': 48323.96}","{'Open': 48205.28, 'High': 48336.25, 'Low': 48174.75, 'Close': 48331.27}","{'Open': 48183.93, 'High': 48325.87, 'Low': 48169.6, 'Close': 48325.87}","{'Open': 48228.98, 'High': 48347.43, 'Low': 48200.08, 'Close': 48347.43}","{'Open': 48221.5, 'High': 48338.75, 'Low': 48180.25, 'Close': 48318.5}","{'Open': 48207.9, 'High': 48331.08, 'Low': 48203.9, 'Close': 48331.08}","{'Open': 48206.5, 'High': 48349.0, 'Low': 48199.88, 'Close': 48321.0}","{'Open': 48189.34, 'High': 48371.32, 'Low': 48189.34, 'Close': 48347.49}","{'Open': 48203.36, 'High': 48338.84, 'Low': 48171.8, 'Close': 48335.27}"
2021-02-24 21:35:00,"{'Open': 48413.49, 'High': 48413.49, 'Low': 48413.49, 'Close': 48413.49}","{'Open': 48352.0, 'High': 48553.0, 'Low': 48317.38, 'Close': 48434.0}","{'Open': 48325.45, 'High': 48540.07, 'Low': 48305.97, 'Close': 48406.43}","{'Open': 48335.29, 'High': 48516.71, 'Low': 48335.29, 'Close': 48423.06}","{'Open': 48326.4, 'High': 48550.0, 'Low': 48301.93, 'Close': 48418.26}","{'Open': 48404.09, 'High': 48575.71, 'Low': 48333.26, 'Close': 48443.79}","{'Open': 48329.5, 'High': 48527.5, 'Low': 48315.0, 'Close': 48423.5}","{'Open': 48334.8, 'High': 48546.1, 'Low': 48317.3, 'Close': 48417.0}","{'Open': 48391.0, 'High': 48535.0, 'Low': 48333.5, 'Close': 48388.67}","{'Open': 48358.32, 'High': 48559.08, 'Low': 48289.19, 'Close': 48383.88}","{'Open': 48337.46, 'High': 48558.05, 'Low': 48309.89, 'Close': 48397.51}"
2021-02-24 21:40:00,NO TRADES,"{'Open': 48430.0, 'High': 48513.63, 'Low': 48400.0, 'Close': 48497.79}","{'Open': 48426.19, 'High': 48494.42, 'Low': 48371.22, 'Close': 48490.07}","{'Open': 48437.66, 'High': 48474.79, 'Low': 48397.5, 'Close': 48472.66}","{'Open': 48422.45, 'High': 48518.75, 'Low': 48392.02, 'Close': 48478.04}","{'Open': 48515.82, 'High': 48548.21, 'Low': 48425.71, 'Close': 48504.93}","{'Open': 48423.5, 'High': 48513.0, 'Low': 48419.0, 'Close': 48483.08}","{'Open': 48414.4, 'High': 48519.43, 'Low': 48388.6, 'Close': 48474.0}","{'Open': 48426.0, 'High': 48528.0, 'Low': 48400.0, 'Close': 48492.5}","{'Open': 48493.83, 'High': 48500.9, 'Low': 48431.31, 'Close': 48485.14}","{'Open': 48433.76, 'High': 48514.93, 'Low': 48411.85, 'Close': 48487.97}"
2021-02-24 21:45:00,NO TRADES,"{'Open': 48497.0, 'High': 48497.0, 'Low': 48231.55, 'Close': 48283.25}","{'Open': 48476.47, 'High': 48476.47, 'Low': 48222.36, 'Close': 48254.69}","{'Open': 48490.38, 'High': 48490.38, 'Low': 48245.03, 'Close': 48260.96}","{'Open': 48479.92, 'High': 48479.93, 'Low': 48212.59, 'Close': 48284.5}","{'Open': 48513.9, 'High': 48513.9, 'Low': 48240.89, 'Close': 48240.89}","{'Open': 48477.75, 'High': 48477.75, 'Low': 48223.5, 'Close': 48258.75}","{'Open': 48463.1, 'High': 48463.1, 'Low': 48230.1, 'Close': 48261.2}","{'Open': 48476.5, 'High': 48477.5, 'Low': 48210.5, 'Close': 48227.5}","{'Open': 48472.39, 'High': 48477.58, 'Low': 48253.71, 'Close': 48253.71}","{'Open': 48474.86, 'High': 48474.86, 'Low': 48191.93, 'Close': 48263.98}"
2021-02-24 21:50:00,NO TRADES,"{'Open': 48289.0, 'High': 48388.06, 'Low': 48155.0, 'Close': 48388.06}","{'Open': 48266.22, 'High': 48389.33, 'Low': 48142.97, 'Close': 48368.31}","{'Open': 48270.53, 'High': 48347.23, 'Low': 48120.0, 'Close': 48347.23}","{'Open': 48264.34, 'High': 48376.5, 'Low': 48129.61, 'Close': 48376.5}","{'Open': 48302.09, 'High': 48381.75, 'Low': 48145.0, 'Close': 48381.75}","{'Open': 48265.0, 'High': 48359.75, 'Low': 48153.75, 'Close': 48359.75}","{'Open': 48261.0, 'High': 48378.47, 'Low': 48157.28, 'Close': 48378.48}","{'Open': 48264.5, 'High': 48375.5, 'Low': 48148.0, 'Close': 48375.5}","{'Open': 48277.64, 'High': 48312.19, 'Low': 48170.42, 'Close': 48312.19}","{'Open': 48263.34, 'High': 48369.0, 'Low': 48130.0, 'Close': 48369.0}"
2021-02-24 21:55:00,"{'Open': 48499.0, 'High': 48499.0, 'Low': 48499.0, 'Close': 48499.0}","{'Open': 48377.0, 'High': 48912.25, 'Low': 48321.0, 'Close': 48758.46}","{'Open': 48384.04, 'High': 48893.36, 'Low': 48298.15, 'Close': 48796.12}","{'Open': 48369.9, 'High': 48941.87, 'Low': 48316.35, 'Close': 48787.49}","{'Open': 48378.91, 'High': 48935.04, 'Low': 48308.17, 'Close': 48757.56}","{'Open': 48353.46, 'High': 48968.01, 'Low': 48351.82, 'Close': 48811.21}","{'Open': 48359.75, 'High': 48927.75, 'Low': 48326.0, 'Close': 48798.5}","{'Open': 48334.5, 'High': 48900.0, 'Low': 48320.9, 'Close': 48753.9}","{'Open': 48334.33, 'High': 48908.0, 'Low': 48309.5, 'Close': 48802.5}","{'Open': 48340.34, 'High': 48882.33, 'Low': 48330.54, 'Close': 48798.62}","{'Open': 48336.45, 'High': 48946.4, 'Low': 48310.87, 'Close': 48786.95}"
2021-02-24 22:00:00,NO TRADES,"{'Open': 48749.12, 'High': 48749.12, 'Low': 48366.19, 'Close': 48447.0}","{'Open': 48744.47, 'High': 48744.47, 'Low': 48357.33, 'Close': 48434.87}","{'Open': 48731.15, 'High': 48757.19, 'Low': 48395.91, 'Close': 48461.18}","{'Open': 48756.2, 'High': 48756.2, 'Low': 48385.59, 'Close': 48450.55}","{'Open': 48790.49, 'High': 48790.49, 'Low': 48400.0, 'Close': 48499.54}","{'Open': 48765.0, 'High': 48765.25, 'Low': 48398.75, 'Close': 48464.0}","{'Open': 48748.6, 'High': 48748.6, 'Low': 48380.8, 'Close': 48439.6}",NO TRADES,"{'Open': 48737.81, 'High': 48737.81, 'Low': 48403.48, 'Close': 48454.17}","{'Open': 48768.54, 'High': 48770.64, 'Low': 48366.3, 'Close': 48465.12}"
2021-02-24 22:05:00,"{'Open': 48211.04, 'High': 48211.04, 'Low': 48211.04, 'Close': 48211.04}","{'Open': 48470.5, 'High': 48524.0, 'Low': 48155.0, 'Close': 48155.0}","{'Open': 48456.5, 'High': 48514.65, 'Low': 48122.37, 'Close': 48129.75}","{'Open': 48497.85, 'High': 48497.85, 'Low': 48130.81, 'Close': 48150.97}","{'Open': 48450.54, 'High': 48528.21, 'Low': 48141.75, 'Close': 48150.01}","{'Open': 48496.79, 'High': 48556.52, 'Low': 48169.0, 'Close': 48174.8}","{'Open': 48463.5, 'High': 48513.33, 'Low': 48174.75, 'Close': 48174.75}","{'Open': 48439.95, 'High': 48527.9, 'Low': 48154.2, 'Close': 48154.9}","{'Open': 48375.75, 'High': 48535.5, 'Low': 48091.75, 'Close': 48141.0}","{'Open': 48498.37, 'High': 48539.06, 'Low': 48160.58, 'Close': 48160.58}","{'Open': 48460.55, 'High': 48508.53, 'Low': 48129.53, 'Close': 48160.51}"
2021-02-24 22:10:00,"{'Open': 48070.33, 'High': 48210.44, 'Low': 48070.33, 'Close': 48168.94}","{'Open': 48155.5, 'High': 48388.03, 'Low': 48051.7, 'Close': 48181.5}","{'Open': 48129.75, 'High': 48363.23, 'Low': 48061.29, 'Close': 48189.96}","{'Open': 48140.89, 'High': 48328.96, 'Low': 48084.82, 'Close': 48195.2}","{'Open': 48150.01, 'High': 48401.14, 'Low': 48081.68, 'Close': 48186.44}","{'Open': 48174.8, 'High': 48413.05, 'Low': 48114.21, 'Close': 48219.87}","{'Open': 48175.0, 'High': 48379.75, 'Low': 48100.25, 'Close': 48184.58}","{'Open': 48150.6, 'High': 48385.83, 'Low': 48075.0, 'Close': 48177.4}","{'Open': 48140.5, 'High': 48401.5, 'Low': 48036.5, 'Close': 48179.0}","{'Open': 48155.58, 'High': 48390.1, 'Low': 48087.26, 'Close': 48231.22}","{'Open': 48156.76, 'High': 48395.43, 'Low': 48075.85, 'Close': 48180.0}"
2021-02-24 22:15:00,"{'Open': 48196.87, 'High': 48284.53, 'Low': 48196.87, 'Close': 48252.47}","{'Open': 48184.33, 'High': 48468.0, 'Low': 48177.67, 'Close': 48319.26}","{'Open': 48145.96, 'High': 48469.84, 'Low': 48135.3, 'Close': 48306.72}","{'Open': 48169.84, 'High': 48472.9, 'Low': 48169.84, 'Close': 48359.97}","{'Open': 48187.05, 'High': 48491.64, 'Low': 48185.6, 'Close': 48339.12}","{'Open': 48219.88, 'High': 48518.5, 'Low': 48208.79, 'Close': 48353.14}","{'Open': 48180.0, 'High': 48460.92, 'Low': 48180.0, 'Close': 48360.25}","{'Open': 48175.0, 'High': 48476.8, 'Low': 48175.0, 'Close': 48337.1}","{'Open': 48186.0, 'High': 48497.0, 'Low': 48186.0, 'Close': 48348.6}","{'Open': 48279.85, 'High': 48490.68, 'Low': 48279.85, 'Close': 48360.91}","{'Open': 48187.18, 'High': 48490.59, 'Low': 48156.34, 'Close': 48342.03}"
2021-02-24 22:20:00,NO TRADES,"{'Open': 48308.35, 'High': 48459.51, 'Low': 48284.7, 'Close': 48459.51}","{'Open': 48321.78, 'High': 48464.27, 'Low': 48278.68, 'Close': 48455.74}","{'Open': 48330.25, 'High': 48450.0, 'Low': 48325.67, 'Close': 48450.0}","{'Open': 48345.87, 'High': 48479.66, 'Low': 48311.21, 'Close': 48479.29}","{'Open': 48381.29, 'High': 48519.11, 'Low': 48315.21, 'Close': 48511.96}","{'Open': 48340.0, 'High': 48448.38, 'Low': 48305.25, 'Close': 48448.38}","{'Open': 48340.4, 'High': 48478.96, 'Low': 48310.0, 'Close': 48474.4}","{'Open': 48353.5, 'High': 48491.0, 'Low': 48268.0, 'Close': 48434.75}","{'Open': 48316.41, 'High': 48428.13, 'Low': 48303.52, 'Close': 48428.13}","{'Open': 48344.02, 'High': 48480.97, 'Low': 48294.9, 'Close': 48479.33}"
2021-02-24 22:25:00,NO TRADES,"{'Open': 48460.0, 'High': 48711.5, 'Low': 48457.87, 'Close': 48710.0}","{'Open': 48464.56, 'High': 48703.07, 'Low': 48445.12, 'Close': 48696.32}","{'Open': 48466.94, 'High': 48713.64, 'Low': 48451.13, 'Close': 48689.71}","{'Open': 48479.28, 'High': 48709.56, 'Low': 48440.14, 'Close': 48708.97}","{'Open': 48503.1, 'High': 48728.78, 'Low': 48445.71, 'Close': 48728.78}","{'Open': 48466.0, 'High': 48717.0, 'Low': 48436.75, 'Close': 48699.0}","{'Open': 48474.2, 'High': 48699.92, 'Low': 48455.7, 'Close': 48699.7}","{'Open': 48479.31, 'High': 48723.5, 'Low': 48418.0, 'Close': 48684.0}","{'Open': 48476.2, 'High': 48703.53, 'Low': 48445.68, 'Close': 48703.53}","{'Open': 48477.9, 'High': 48714.05, 'Low': 48452.74, 'Close': 48712.35}"
2021-02-24 22:30:00,"{'Open': 48864.19, 'High': 48864.19, 'Low': 48864.19, 'Close': 48864.19}","{'Open': 48710.98, 'High': 48900.13, 'Low': 48600.0, 'Close': 48900.0}","{'Open': 48700.29, 'High': 48885.56, 'Low': 48540.97, 'Close': 48878.16}","{'Open': 48698.25, 'High': 48907.15, 'Low': 48574.66, 'Close': 48839.3}","{'Open': 48710.06, 'High': 48925.86, 'Low': 48583.22, 'Close': 48925.86}","{'Open': 48732.3, 'High': 48950.5, 'Low': 48601.15, 'Close': 48950.5}","{'Open': 48720.0, 'High': 48932.25, 'Low': 48588.25, 'Close': 48932.25}","{'Open': 48699.8, 'High': 48908.44, 'Low': 48582.4, 'Close': 48899.97}","{'Open': 48697.5, 'High': 48949.0, 'Low': 48562.5, 'Close': 48905.5}","{'Open': 48717.2, 'High': 48919.24, 'Low': 48558.78, 'Close': 48797.17}","{'Open': 48712.8, 'High': 48920.08, 'Low': 48566.58, 'Close': 48920.08}"
2021-02-24 22:35:00,NO TRADES,"{'Open': 48900.0, 'High': 48963.25, 'Low': 48635.48, 'Close': 48703.0}","{'Open': 48888.0, 'High': 48945.74, 'Low': 48588.17, 'Close': 48690.16}","{'Open': 48888.58, 'High': 48972.01, 'Low': 48689.41, 'Close': 48697.75}","{'Open': 48920.48, 'High': 48987.37, 'Low': 48630.15, 'Close': 48704.95}","{'Open': 48908.47, 'High': 49004.72, 'Low': 48669.19, 'Close': 48739.12}","{'Open': 48924.5, 'High': 48975.0, 'Low': 48610.38, 'Close': 48699.0}","{'Open': 48899.9, 'High': 48987.04, 'Low': 48645.9, 'Close': 48700.2}","{'Open': 48949.0, 'High': 48995.5, 'Low': 48632.75, 'Close': 48692.0}","{'Open': 48931.58, 'High': 48987.86, 'Low': 48630.35, 'Close': 48700.38}","{'Open': 48947.82, 'High': 48991.47, 'Low': 48641.67, 'Close': 48708.87}"
2021-02-24 22:40:00,NO TRADES,"{'Open': 48695.0, 'High': 48798.17, 'Low': 48601.77, 'Close': 48601.77}","{'Open': 48677.13, 'High': 48784.3, 'Low': 48595.46, 'Close': 48595.46}","{'Open': 48713.34, 'High': 48788.62, 'Low': 48634.69, 'Close': 48634.69}","{'Open': 48706.21, 'High': 48812.81, 'Low': 48599.89, 'Close': 48599.89}","{'Open': 48731.63, 'High': 48836.81, 'Low': 48644.16, 'Close': 48644.16}","{'Open': 48700.0, 'High': 48816.5, 'Low': 48640.17, 'Close': 48640.17}","{'Open': 48700.2, 'High': 48797.8, 'Low': 48650.0, 'Close': 48650.0}","{'Open': 48712.5, 'High': 48808.0, 'Low': 48616.0, 'Close': 48616.0}","{'Open': 48713.17, 'High': 48762.41, 'Low': 48638.12, 'Close': 48638.12}","{'Open': 48712.33, 'High': 48799.39, 'Low': 48600.0, 'Close': 48600.0}"
2021-02-24 22:45:00,NO TRADES,"{'Open': 48599.42, 'High': 48756.69, 'Low': 48505.94, 'Close': 48714.0}","{'Open': 48590.91, 'High': 48720.88, 'Low': 48501.52, 'Close': 48692.13}","{'Open': 48590.84, 'High': 48733.46, 'Low': 48496.09, 'Close': 48699.72}","{'Open': 48592.54, 'High': 48754.51, 'Low': 48501.82, 'Close': 48705.48}","{'Open': 48599.9, 'High': 48813.57, 'Low': 48520.71, 'Close': 48716.52}","{'Open': 48636.25, 'High': 48739.75, 'Low': 48534.81, 'Close': 48707.5}","{'Open': 48588.42, 'High': 48768.1, 'Low': 48517.0, 'Close': 48724.6}","{'Open': 48586.0, 'High': 48772.0, 'Low': 48489.0, 'Close': 48714.5}","{'Open': 48591.98, 'High': 48783.4, 'Low': 48502.15, 'Close': 48719.75}","{'Open': 48586.14, 'High': 48773.31, 'Low': 48524.43, 'Close': 48722.3}"
2021-02-24 22:50:00,NO TRADES,"{'Open': 48714.0, 'High': 48866.0, 'Low': 48714.0, 'Close': 48857.68}","{'Open': 48699.39, 'High': 48826.07, 'Low': 48691.32, 'Close': 48826.07}","{'Open': 48735.66, 'High': 48824.45, 'Low': 48714.3, 'Close': 48824.45}","{'Open': 48706.12, 'High': 48849.99, 'Low': 48702.64, 'Close': 48848.92}","{'Open': 48733.14, 'High': 48893.68, 'Low': 48695.08, 'Close': 48838.28}","{'Open': 48700.5, 'High': 48855.5, 'Low': 48700.25, 'Close': 48851.58}","{'Open': 48724.6, 'High': 48856.7, 'Low': 48724.6, 'Close': 48831.7}","{'Open': 48718.0, 'High': 48858.5, 'Low': 48697.0, 'Close': 48831.5}","{'Open': 48699.52, 'High': 48863.46, 'Low': 48699.51, 'Close': 48835.08}","{'Open': 48713.63, 'High': 48861.55, 'Low': 48706.37, 'Close': 48828.36}"
2021-02-24 22:55:00,NO TRADES,"{'Open': 48857.68, 'High': 48940.0, 'Low': 48775.0, 'Close': 48881.5}","{'Open': 48826.07, 'High': 48900.0, 'Low': 48712.62, 'Close': 48852.09}","{'Open': 48878.12, 'High': 48917.0, 'Low': 48777.7, 'Close': 48887.82}","{'Open': 48848.4, 'High': 48932.91, 'Low': 48739.65, 'Close': 48856.05}","{'Open': 48870.35, 'High': 48947.23, 'Low': 48752.57, 'Close': 48894.23}","{'Open': 48851.25, 'High': 48926.75, 'Low': 48760.25, 'Close': 48833.25}","{'Open': 48831.6, 'High': 48936.31, 'Low': 48737.35, 'Close': 48886.45}","{'Open': 48858.0, 'High': 48928.5, 'Low': 48722.0, 'Close': 48881.0}","{'Open': 48893.59, 'High': 48916.59, 'Low': 48779.6, 'Close': 48894.64}","{'Open': 48860.39, 'High': 48938.49, 'Low': 48746.43, 'Close': 48843.17}"
2021-02-24 23:00:00,NO TRADES,"{'Open': 48840.0, 'High': 49268.97, 'Low': 48779.49, 'Close': 49191.0}","{'Open': 48829.4, 'High': 49250.0, 'Low': 48775.51, 'Close': 49197.4}","{'Open': 48858.28, 'High': 49227.96, 'Low': 48794.66, 'Close': 49170.19}","{'Open': 48842.66, 'High': 49256.24, 'Low': 48777.89, 'Close': 49192.39}","{'Open': 48852.32, 'High': 49306.46, 'Low': 48786.49, 'Close': 49221.0}","{'Open': 48775.0, 'High': 49271.25, 'Low': 48775.0, 'Close': 49220.25}","{'Open': 48875.1, 'High': 49291.35, 'Low': 48788.5, 'Close': 49201.78}","{'Open': 48843.0, 'High': 49288.87, 'Low': 48780.0, 'Close': 49213.0}","{'Open': 48801.95, 'High': 49274.7, 'Low': 48772.51, 'Close': 49274.7}","{'Open': 48831.81, 'High': 49281.94, 'Low': 48798.61, 'Close': 49216.4}"
2021-02-24 23:05:00,NO TRADES,"{'Open': 49191.0, 'High': 49527.4, 'Low': 49190.0, 'Close': 49439.0}","{'Open': 49197.4, 'High': 49545.44, 'Low': 49163.11, 'Close': 49431.66}","{'Open': 49167.26, 'High': 49535.88, 'Low': 49167.26, 'Close': 49473.6}","{'Open': 49182.97, 'High': 49547.19, 'Low': 49182.97, 'Close': 49454.86}","{'Open': 49244.14, 'High': 49578.07, 'Low': 49229.39, 'Close': 49452.76}","{'Open': 49220.25, 'High': 49533.25, 'Low': 49220.25, 'Close': 49480.0}","{'Open': 49198.27, 'High': 49500.0, 'Low': 49193.3, 'Close': 49457.2}","{'Open': 49200.5, 'High': 49548.0, 'Low': 49200.5, 'Close': 49445.5}","{'Open': 49304.52, 'High': 49538.97, 'Low': 49304.51, 'Close': 49518.1}","{'Open': 49204.71, 'High': 49548.62, 'Low': 49204.71, 'Close': 49471.92}"
2021-02-24 23:10:00,NO TRADES,"{'Open': 49440.0, 'High': 49442.0, 'Low': 49244.95, 'Close': 49376.0}","{'Open': 49425.1, 'High': 49425.1, 'Low': 49221.68, 'Close': 49394.16}","{'Open': 49451.54, 'High': 49451.54, 'Low': 49275.75, 'Close': 49417.37}","{'Open': 49451.62, 'High': 49451.62, 'Low': 49263.56, 'Close': 49398.2}","{'Open': 49464.33, 'High': 49464.33, 'Low': 49287.35, 'Close': 49397.82}","{'Open': 49480.25, 'High': 49480.25, 'Low': 49259.38, 'Close': 49368.5}","{'Open': 49457.2, 'High': 49457.2, 'Low': 49277.95, 'Close': 49356.67}","{'Open': 49456.0, 'High': 49456.0, 'Low': 49259.75, 'Close': 49390.5}","{'Open': 49476.33, 'High': 49476.33, 'Low': 49268.5, 'Close': 49307.45}","{'Open': 49429.22, 'High': 49429.22, 'Low': 49260.0, 'Close': 49411.28}"
2021-02-24 23:15:00,NO TRADES,"{'Open': 49370.0, 'High': 49370.0, 'Low': 49112.0, 'Close': 49184.0}","{'Open': 49386.37, 'High': 49386.37, 'Low': 49114.23, 'Close': 49200.0}","{'Open': 49354.73, 'High': 49354.73, 'Low': 49154.02, 'Close': 49209.48}","{'Open': 49388.16, 'High': 49388.6, 'Low': 49123.91, 'Close': 49203.99}","{'Open': 49384.44, 'High': 49384.44, 'Low': 49106.81, 'Close': 49208.3}","{'Open': 49369.25, 'High': 49369.25, 'Low': 49140.0, 'Close': 49188.75}","{'Open': 49370.0, 'High': 49370.0, 'Low': 49160.05, 'Close': 49214.3}","{'Open': 49402.5, 'High': 49402.5, 'Low': 49114.92, 'Close': 49222.5}","{'Open': 49343.81, 'High': 49343.81, 'Low': 49137.15, 'Close': 49232.6}","{'Open': 49400.12, 'High': 49400.12, 'Low': 49138.67, 'Close': 49176.0}"
2021-02-24 23:20:00,NO TRADES,"{'Open': 49190.0, 'High': 49465.05, 'Low': 49190.0, 'Close': 49357.0}","{'Open': 49163.12, 'High': 49439.97, 'Low': 49163.12, 'Close': 49363.42}","{'Open': 49233.81, 'High': 49456.05, 'Low': 49233.81, 'Close': 49377.06}","{'Open': 49191.93, 'High': 49475.76, 'Low': 49191.93, 'Close': 49364.5}","{'Open': 49198.61, 'High': 49473.51, 'Low': 49194.63, 'Close': 49378.2}","{'Open': 49193.75, 'High': 49457.75, 'Low': 49193.75, 'Close': 49362.5}","{'Open': 49201.2, 'High': 49452.5, 'Low': 49201.2, 'Close': 49357.5}","{'Open': 49293.0, 'High': 49467.67, 'Low': 49220.5, 'Close': 49368.5}","{'Open': 49209.75, 'High': 49487.6, 'Low': 49209.75, 'Close': 49375.49}","{'Open': 49170.35, 'High': 49478.79, 'Low': 49170.35, 'Close': 49370.91}"
2021-02-24 23:25:00,NO TRADES,"{'Open': 49349.0, 'High': 49460.0, 'Low': 49258.0, 'Close': 49341.33}","{'Open': 49395.93, 'High': 49450.0, 'Low': 49240.74, 'Close': 49331.09}","{'Open': 49362.86, 'High': 49478.06, 'Low': 49262.08, 'Close': 49343.39}","{'Open': 49367.01, 'High': 49496.46, 'Low': 49249.4, 'Close': 49359.99}","{'Open': 49409.85, 'High': 49479.48, 'Low': 49255.22, 'Close': 49344.04}","{'Open': 49385.42, 'High': 49446.25, 'Low': 49260.25, 'Close': 49355.25}","{'Open': 49351.9, 'High': 49463.4, 'Low': 49250.0, 'Close': 49330.8}","{'Open': 49375.0, 'High': 49489.0, 'Low': 49248.67, 'Close': 49355.0}","{'Open': 49403.8, 'High': 49495.01, 'Low': 49248.62, 'Close': 49279.29}","{'Open': 49372.22, 'High': 49485.02, 'Low': 49234.0, 'Close': 49353.37}"
2021-02-24 23:30:00,NO TRADES,"{'Open': 49353.65, 'High': 49547.0, 'Low': 49353.65, 'Close': 49393.0}","{'Open': 49331.6, 'High': 49545.7, 'Low': 49331.6, 'Close': 49401.0}","{'Open': 49421.54, 'High': 49538.57, 'Low': 49413.49, 'Close': 49460.07}","{'Open': 49362.38, 'High': 49557.83, 'Low': 49362.38, 'Close': 49391.92}","{'Open': 49409.24, 'High': 49582.52, 'Low': 49401.74, 'Close': 49406.09}","{'Open': 49360.0, 'High': 49532.38, 'Low': 49360.0, 'Close': 49414.7}","{'Open': 49366.8, 'High': 49517.5, 'Low': 49356.3, 'Close': 49404.0}","{'Open': 49377.17, 'High': 49557.0, 'Low': 49375.5, 'Close': 49375.5}","{'Open': 49399.58, 'High': 49534.24, 'Low': 49370.23, 'Close': 49370.23}","{'Open': 49359.77, 'High': 49563.35, 'Low': 49359.77, 'Close': 49372.71}"
2021-02-24 23:35:00,NO TRADES,"{'Open': 49393.0, 'High': 49744.0, 'Low': 49393.0, 'Close': 49607.88}","{'Open': 49365.54, 'High': 49750.0, 'Low': 49365.54, 'Close': 49592.51}","{'Open': 49436.22, 'High': 49747.17, 'Low': 49436.22, 'Close': 49666.02}","{'Open': 49398.17, 'High': 49762.44, 'Low': 49391.33, 'Close': 49611.04}","{'Open': 49425.51, 'High': 49784.04, 'Low': 49425.51, 'Close': 49630.48}","{'Open': 49400.25, 'High': 49760.38, 'Low': 49400.25, 'Close': 49619.5}","{'Open': 49379.15, 'High': 49746.9, 'Low': 49376.6, 'Close': 49624.4}","{'Open': 49533.5, 'High': 49767.5, 'Low': 49526.5, 'Close': 49655.5}","{'Open': 49396.85, 'High': 49786.94, 'Low': 49396.85, 'Close': 49585.78}","{'Open': 49385.42, 'High': 49774.85, 'Low': 49385.42, 'Close': 49618.46}"
2021-02-24 23:40:00,"{'Open': 49603.44, 'High': 49603.44, 'Low': 49603.44, 'Close': 49603.44}","{'Open': 49580.0, 'High': 49616.0, 'Low': 49481.92, 'Close': 49599.0}","{'Open': 49597.83, 'High': 49624.91, 'Low': 49479.31, 'Close': 49591.23}","{'Open': 49596.47, 'High': 49645.94, 'Low': 49517.96, 'Close': 49644.35}","{'Open': 49590.14, 'High': 49638.99, 'Low': 49500.01, 'Close': 49609.76}","{'Open': 49629.76, 'High': 49662.04, 'Low': 49498.52, 'Close': 49634.74}","{'Open': 49587.25, 'High': 49619.5, 'Low': 49500.75, 'Close': 49603.25}","{'Open': 49600.9, 'High': 49633.7, 'Low': 49510.1, 'Close': 49605.0}","{'Open': 49610.5, 'High': 49633.0, 'Low': 49502.5, 'Close': 49606.5}","{'Open': 49587.96, 'High': 49638.99, 'Low': 49519.94, 'Close': 49596.38}","{'Open': 49598.1, 'High': 49634.51, 'Low': 49496.03, 'Close': 49597.65}"
2021-02-24 23:45:00,NO TRADES,"{'Open': 49588.0, 'High': 49746.67, 'Low': 49559.75, 'Close': 49681.0}","{'Open': 49555.94, 'High': 49770.84, 'Low': 49548.62, 'Close': 49691.48}","{'Open': 49624.86, 'High': 49775.15, 'Low': 49624.86, 'Close': 49727.86}","{'Open': 49612.39, 'High': 49784.53, 'Low': 49568.88, 'Close': 49715.75}","{'Open': 49627.59, 'High': 49777.07, 'Low': 49627.59, 'Close': 49710.64}","{'Open': 49619.58, 'High': 49760.75, 'Low': 49619.58, 'Close': 49703.5}","{'Open': 49604.9, 'High': 49749.0, 'Low': 49562.5, 'Close': 49691.0}","{'Open': 49575.5, 'High': 49792.0, 'Low': 49575.5, 'Close': 49700.0}","{'Open': 49599.69, 'High': 49762.07, 'Low': 49589.84, 'Close': 49688.46}","{'Open': 49597.66, 'High': 49774.36, 'Low': 49570.57, 'Close': 49708.97}"
2021-02-24 23:50:00,NO TRADES,"{'Open': 49679.5, 'High': 49729.0, 'Low': 49523.6, 'Close': 49590.65}","{'Open': 49658.49, 'High': 49749.99, 'Low': 49510.15, 'Close': 49600.0}","{'Open': 49689.04, 'High': 49738.61, 'Low': 49551.6, 'Close': 49580.14}","{'Open': 49717.03, 'High': 49750.07, 'Low': 49525.99, 'Close': 49609.71}","{'Open': 49716.03, 'High': 49788.44, 'Low': 49546.42, 'Close': 49613.66}","{'Open': 49700.08, 'High': 49766.62, 'Low': 49560.25, 'Close': 49593.75}","{'Open': 49690.6, 'High': 49807.87, 'Low': 49539.05, 'Close': 49610.25}","{'Open': 49705.0, 'High': 49712.5, 'Low': 49538.0, 'Close': 49595.5}","{'Open': 49717.68, 'High': 49741.67, 'Low': 49546.37, 'Close': 49583.42}","{'Open': 49712.66, 'High': 49749.81, 'Low': 49530.0, 'Close': 49556.84}"
2021-02-24 23:55:00,"{'Open': 49712.15, 'High': 49712.15, 'Low': 49712.15, 'Close': 49712.15}","{'Open': 49584.0, 'High': 49722.93, 'Low': 49522.0, 'Close': 49714.5}","{'Open': 49555.09, 'High': 49736.85, 'Low': 49534.62, 'Close': 49714.5}","{'Open': 49596.78, 'High': 49767.73, 'Low': 49535.54, 'Close': 49742.75}","{'Open': 49600.65, 'High': 49750.0, 'Low': 49531.51, 'Close': 49737.82}","{'Open': 49639.2, 'High': 49771.01, 'Low': 49550.0, 'Close': 49769.56}","{'Open': 49617.5, 'High': 49764.25, 'Low': 49547.0, 'Close': 49753.5}","{'Open': 49612.8, 'High': 49740.0, 'Low': 49555.4, 'Close': 49727.7}","{'Open': 49642.5, 'High': 49767.0, 'Low': 49525.5, 'Close': 49767.0}","{'Open': 49612.05, 'High': 49735.6, 'Low': 49550.22, 'Close': 49724.93}","{'Open': 49616.6, 'High': 49754.0, 'Low': 49544.24, 'Close': 49754.0}"
